81
0.000000	0.000000	0	0	0
1.000000	0.000000	0	0	0
1.000000	1.000000	0	0	0
0.000000	1.000000	0	0	0
0.125000	0.000000	0	0	0
0.250000	0.000000	0	0	0
0.375000	0.000000	0	0	0
0.500000	0.000000	0	0	0
0.625000	0.000000	0	0	0
0.750000	0.000000	0	0	0
0.875000	0.000000	0	0	0
1.000000	0.125000	0	0	0
1.000000	0.250000	0	0	0
1.000000	0.375000	0	0	0
1.000000	0.500000	0	0	0
1.000000	0.625000	0	0	0
1.000000	0.750000	0	0	0
1.000000	0.875000	0	0	0
0.875000	1.000000	0	0	0
0.750000	1.000000	0	0	0
0.625000	1.000000	0	0	0
0.500000	1.000000	0	0	0
0.375000	1.000000	0	0	0
0.250000	1.000000	0	0	0
0.125000	1.000000	0	0	0
0.000000	0.875000	0	0	0
0.000000	0.750000	0	0	0
0.000000	0.625000	0	0	0
0.000000	0.500000	0	0	0
0.000000	0.375000	0	0	0
0.000000	0.250000	0	0	0
0.000000	0.125000	0	0	0
0.125000	0.125000	1	1	1
0.125000	0.250000	1	1	1
0.125000	0.375000	1	1	1
0.125000	0.500000	1	1	1
0.125000	0.625000	1	1	1
0.125000	0.750000	1	1	1
0.125000	0.875000	1	1	1
0.250000	0.125000	1	1	1
0.250000	0.250000	1	1	1
0.250000	0.375000	1	1	1
0.250000	0.500000	1	1	1
0.250000	0.625000	1	1	1
0.250000	0.750000	1	1	1
0.250000	0.875000	1	1	1
0.375000	0.125000	1	1	1
0.375000	0.250000	1	1	1
0.375000	0.375000	1	1	1
0.375000	0.500000	1	1	1
0.375000	0.625000	1	1	1
0.375000	0.750000	1	1	1
0.375000	0.875000	1	1	1
0.500000	0.125000	1	1	1
0.500000	0.250000	1	1	1
0.500000	0.375000	1	1	1
0.500000	0.500000	1	1	1
0.500000	0.625000	1	1	1
0.500000	0.750000	1	1	1
0.500000	0.875000	1	1	1
0.625000	0.125000	1	1	1
0.625000	0.250000	1	1	1
0.625000	0.375000	1	1	1
0.625000	0.500000	1	1	1
0.625000	0.625000	1	1	1
0.625000	0.750000	1	1	1
0.625000	0.875000	1	1	1
0.750000	0.125000	1	1	1
0.750000	0.250000	1	1	1
0.750000	0.375000	1	1	1
0.750000	0.500000	1	1	1
0.750000	0.625000	1	1	1
0.750000	0.750000	1	1	1
0.750000	0.875000	1	1	1
0.875000	0.125000	1	1	1
0.875000	0.250000	1	1	1
0.875000	0.375000	1	1	1
0.875000	0.500000	1	1	1
0.875000	0.625000	1	1	1
0.875000	0.750000	1	1	1
0.875000	0.875000	1	1	1
128
0	4	31	-1
31	4	32	-1
31	32	33	-1
33	30	31	-1
30	33	29	-1
29	33	34	-1
29	34	35	-1
35	28	29	-1
28	35	27	-1
27	35	36	-1
27	36	37	-1
37	26	27	-1
26	37	25	-1
25	37	38	-1
25	38	24	-1
24	3	25	-1
4	5	39	-1
39	32	4	-1
32	39	33	-1
33	39	40	-1
33	40	41	-1
41	34	33	-1
34	41	35	-1
35	41	42	-1
35	42	43	-1
43	36	35	-1
36	43	37	-1
37	43	44	-1
37	44	45	-1
45	38	37	-1
38	45	24	-1
24	45	23	-1
5	6	39	-1
39	6	46	-1
39	46	47	-1
47	40	39	-1
40	47	41	-1
41	47	48	-1
41	48	49	-1
49	42	41	-1
42	49	43	-1
43	49	50	-1
43	50	51	-1
51	44	43	-1
44	51	45	-1
45	51	52	-1
45	52	22	-1
22	23	45	-1
6	7	53	-1
53	46	6	-1
46	53	47	-1
47	53	54	-1
47	54	55	-1
55	48	47	-1
48	55	49	-1
49	55	56	-1
49	56	57	-1
57	50	49	-1
50	57	51	-1
51	57	58	-1
51	58	59	-1
59	52	51	-1
52	59	22	-1
22	59	21	-1
7	8	53	-1
53	8	60	-1
53	60	61	-1
61	54	53	-1
54	61	55	-1
55	61	62	-1
55	62	63	-1
63	56	55	-1
56	63	57	-1
57	63	64	-1
57	64	65	-1
65	58	57	-1
58	65	59	-1
59	65	66	-1
59	66	20	-1
20	21	59	-1
8	9	67	-1
67	60	8	-1
60	67	61	-1
61	67	68	-1
61	68	69	-1
69	62	61	-1
62	69	63	-1
63	69	70	-1
63	70	71	-1
71	64	63	-1
64	71	65	-1
65	71	72	-1
65	72	73	-1
73	66	65	-1
66	73	20	-1
20	73	19	-1
9	10	67	-1
67	10	74	-1
67	74	75	-1
75	68	67	-1
68	75	69	-1
69	75	76	-1
69	76	77	-1
77	70	69	-1
70	77	71	-1
71	77	78	-1
71	78	79	-1
79	72	71	-1
72	79	73	-1
73	79	80	-1
73	80	18	-1
18	19	73	-1
10	1	11	-1
11	74	10	-1
74	11	75	-1
75	11	12	-1
75	12	13	-1
13	76	75	-1
76	13	77	-1
77	13	14	-1
77	14	15	-1
15	78	77	-1
78	15	79	-1
79	15	16	-1
79	16	17	-1
17	80	79	-1
80	17	18	-1
18	17	2	-1
