685
0.00000000000000	0.00000000000000	0.00000000000000	0	
1.00000000000000	0.00000000000000	0.00000000000000	0	
1.00000000000000	1.00000000000000	0.00000000000000	0	
0.00000000000000	1.00000000000000	0.00000000000000	0	
1.00000000000000	1.00000000000000	1.00000000000000	0	
1.00000000000000	0.00000000000000	1.00000000000000	0	
0.00000000000000	0.00000000000000	1.00000000000000	0	
0.00000000000000	1.00000000000000	1.00000000000000	0	
0.12499999999977	1.00000000000000	0.00000000000000	0	
0.24999999999941	1.00000000000000	0.00000000000000	0	
0.37499999999905	1.00000000000000	0.00000000000000	0	
0.49999999999869	1.00000000000000	0.00000000000000	0	
0.62499999999901	1.00000000000000	0.00000000000000	0	
0.74999999999934	1.00000000000000	0.00000000000000	0	
0.87499999999967	1.00000000000000	0.00000000000000	0	
1.00000000000000	0.87499999999950	0.00000000000000	0	
1.00000000000000	0.75000000000035	0.00000000000000	0	
1.00000000000000	0.62500000000121	0.00000000000000	0	
1.00000000000000	0.50000000000206	0.00000000000000	0	
1.00000000000000	0.37500000000156	0.00000000000000	0	
1.00000000000000	0.25000000000104	0.00000000000000	0	
1.00000000000000	0.12500000000052	0.00000000000000	0	
0.87499999999950	0.00000000000000	0.00000000000000	0	
0.75000000000035	0.00000000000000	0.00000000000000	0	
0.62500000000121	0.00000000000000	0.00000000000000	0	
0.50000000000206	0.00000000000000	0.00000000000000	0	
0.37500000000156	0.00000000000000	0.00000000000000	0	
0.25000000000104	0.00000000000000	0.00000000000000	0	
0.12500000000052	0.00000000000000	0.00000000000000	0	
0.00000000000000	0.12499999999977	0.00000000000000	0	
0.00000000000000	0.24999999999941	0.00000000000000	0	
0.00000000000000	0.37499999999905	0.00000000000000	0	
0.00000000000000	0.49999999999869	0.00000000000000	0	
0.00000000000000	0.62499999999901	0.00000000000000	0	
0.00000000000000	0.74999999999934	0.00000000000000	0	
0.00000000000000	0.87499999999967	0.00000000000000	0	
1.00000000000000	0.87499999999950	1.00000000000000	0	
1.00000000000000	0.75000000000035	1.00000000000000	0	
1.00000000000000	0.62500000000121	1.00000000000000	0	
1.00000000000000	0.50000000000206	1.00000000000000	0	
1.00000000000000	0.37500000000156	1.00000000000000	0	
1.00000000000000	0.25000000000104	1.00000000000000	0	
1.00000000000000	0.12500000000052	1.00000000000000	0	
0.87499999999950	0.00000000000000	1.00000000000000	0	
0.75000000000035	0.00000000000000	1.00000000000000	0	
0.62500000000121	0.00000000000000	1.00000000000000	0	
0.50000000000206	0.00000000000000	1.00000000000000	0	
0.37500000000156	0.00000000000000	1.00000000000000	0	
0.25000000000104	0.00000000000000	1.00000000000000	0	
0.12500000000052	0.00000000000000	1.00000000000000	0	
0.00000000000000	0.12499999999977	1.00000000000000	0	
0.00000000000000	0.24999999999941	1.00000000000000	0	
0.00000000000000	0.37499999999905	1.00000000000000	0	
0.00000000000000	0.49999999999869	1.00000000000000	0	
0.00000000000000	0.62499999999901	1.00000000000000	0	
0.00000000000000	0.74999999999934	1.00000000000000	0	
0.00000000000000	0.87499999999967	1.00000000000000	0	
0.12499999999977	1.00000000000000	1.00000000000000	0	
0.24999999999941	1.00000000000000	1.00000000000000	0	
0.37499999999905	1.00000000000000	1.00000000000000	0	
0.49999999999869	1.00000000000000	1.00000000000000	0	
0.62499999999901	1.00000000000000	1.00000000000000	0	
0.74999999999934	1.00000000000000	1.00000000000000	0	
0.87499999999967	1.00000000000000	1.00000000000000	0	
1.00000000000000	1.00000000000000	0.12499999999977	0	
1.00000000000000	1.00000000000000	0.24999999999941	0	
1.00000000000000	1.00000000000000	0.37499999999905	0	
1.00000000000000	1.00000000000000	0.49999999999869	0	
1.00000000000000	1.00000000000000	0.62499999999901	0	
1.00000000000000	1.00000000000000	0.74999999999934	0	
1.00000000000000	1.00000000000000	0.87499999999967	0	
1.00000000000000	0.00000000000000	0.12499999999977	0	
1.00000000000000	0.00000000000000	0.24999999999941	0	
1.00000000000000	0.00000000000000	0.37499999999905	0	
1.00000000000000	0.00000000000000	0.49999999999869	0	
1.00000000000000	0.00000000000000	0.62499999999901	0	
1.00000000000000	0.00000000000000	0.74999999999934	0	
1.00000000000000	0.00000000000000	0.87499999999967	0	
0.00000000000000	0.00000000000000	0.12499999999977	0	
0.00000000000000	0.00000000000000	0.24999999999941	0	
0.00000000000000	0.00000000000000	0.37499999999905	0	
0.00000000000000	0.00000000000000	0.49999999999869	0	
0.00000000000000	0.00000000000000	0.62499999999901	0	
0.00000000000000	0.00000000000000	0.74999999999934	0	
0.00000000000000	0.00000000000000	0.87499999999967	0	
0.00000000000000	1.00000000000000	0.12499999999977	0	
0.00000000000000	1.00000000000000	0.24999999999941	0	
0.00000000000000	1.00000000000000	0.37499999999905	0	
0.00000000000000	1.00000000000000	0.49999999999869	0	
0.00000000000000	1.00000000000000	0.62499999999901	0	
0.00000000000000	1.00000000000000	0.74999999999934	0	
0.00000000000000	1.00000000000000	0.87499999999967	0	
0.89174682452710	0.43750000000181	0.00000000000000	0	
0.43112117036854	0.12125914095289	0.00000000000000	0	
0.10825317547304	0.56249999999885	0.00000000000000	0	
0.56409486310636	0.88927506082488	0.00000000000000	0	
0.68750000000078	0.10825317547230	0.00000000000000	0	
0.89298495739101	0.69010814643829	0.00000000000000	0	
0.10449318608631	0.31281086598417	0.00000000000000	0	
0.33077402607778	0.88173731489852	0.00000000000000	0	
0.79665793440247	0.89051480781310	0.00000000000000	0	
0.89415349436770	0.18802967116092	0.00000000000000	0	
0.10825317547334	0.81249999999951	0.00000000000000	0	
0.18690935762409	0.12076953676381	0.00000000000000	0	
0.89214793616708	0.31258827852827	0.00000000000000	0	
0.78514649317305	0.37776173212361	0.00000000000000	0	
0.78376912307436	0.50046028868828	0.00000000000000	0	
0.67714785211715	0.44078402250378	0.00000000000000	0	
0.67675037307860	0.56496004948276	0.00000000000000	0	
0.56727788297625	0.50048844149666	0.00000000000000	0	
0.56729917871029	0.38694285807596	0.00000000000000	0	
0.45684931552185	0.44301038174930	0.00000000000000	0	
0.45846841892908	0.56349980387502	0.00000000000000	0	
0.35012252869403	0.50108503093851	0.00000000000000	0	
0.34812185820708	0.37953773393552	0.00000000000000	0	
0.35044303886910	0.62512662990940	0.00000000000000	0	
0.45868352063672	0.68768773896438	0.00000000000000	0	
0.24222777169198	0.43750000000200	0.00000000000000	0	
0.35048094716480	0.75000000000057	0.00000000000000	0	
0.24762892664809	0.68668231842078	0.00000000000000	0	
0.24965544328046	0.31411863959822	0.00000000000000	0	
0.35773612382017	0.24418615484441	0.00000000000000	0	
0.45500248311961	0.81242894672211	0.00000000000000	0	
0.56698729811007	0.75000000000032	0.00000000000000	0	
0.67678595194837	0.82212678063041	0.00000000000000	0	
0.68211701800612	0.69851598570178	0.00000000000000	0	
0.78687675331113	0.76243180583606	0.00000000000000	0	
0.77093399389351	0.23533274979922	0.00000000000000	0	
0.31250000000117	0.10825317547343	0.00000000000000	0	
0.47344721641342	0.22257735880419	0.00000000000000	0	
0.56179824718363	0.13712305380401	0.00000000000000	0	
0.65480892822618	0.21809253452218	0.00000000000000	0	
0.78507497703804	0.62844955668446	0.00000000000000	0	
0.10825317547329	0.68749999999927	0.00000000000000	0	
0.10825317547300	0.43749999999911	0.00000000000000	0	
0.89211526915426	0.56327595140699	0.00000000000000	0	
0.56838075195614	0.62752533658682	0.00000000000000	0	
0.24222777169208	0.56250000000143	0.00000000000000	0	
0.81206782209691	0.10409951422139	0.00000000000000	0	
0.09292564867358	0.19185372118111	0.00000000000000	0	
0.19336200683917	0.89658421694298	0.00000000000000	0	
0.89717308644238	0.80886664387416	0.00000000000000	0	
0.25628918442207	0.20767261601459	0.00000000000000	0	
0.25007334953587	0.79891106056046	0.00000000000000	0	
0.67760114260606	0.32607333794064	0.00000000000000	0	
0.43749999999887	0.91546429876211	0.00000000000000	0	
0.45772433581183	0.32815957677880	0.00000000000000	0	
0.68749999999918	0.92266244547590	0.00000000000000	0	
0.90849364905351	0.09150635094649	0.00000000000000	0	
0.90849364905368	0.90849364905363	0.00000000000000	0	
0.09150635094662	0.09150635094642	0.00000000000000	0	
0.09150635094630	0.90849364905356	0.00000000000000	0	
0.56544650815857	0.26982811998763	0.00000000000000	0	
0.17524047358136	0.62499999999893	0.00000000000000	0	
0.17524047358151	0.49999999999935	0.00000000000000	0	
0.17524047358384	0.37500000000232	0.00000000000000	0	
0.17530677078674	0.73983916756366	0.00000000000000	0	
0.17464499738447	0.25103557339309	0.00000000000000	0	
1.00000000000000	0.43749999961595	0.89879507224459	0	
1.00000000000000	0.43750000000181	0.10825317552988	0	
1.00000000000000	0.88757561932023	0.57148769857904	0	
1.00000000000000	0.11994183182864	0.58032200782355	0	
1.00000000000000	0.68750000056208	0.10825317588583	0	
1.00000000000000	0.11203701531080	0.30165929332383	0	
1.00000000000000	0.68718913395570	0.89550681434921	0	
1.00000000000000	0.88796298465185	0.30165929418616	0	
1.00000000000000	0.19233439166542	0.89453796237383	0	
1.00000000000000	0.87923046304180	0.81309064242091	0	
1.00000000000000	0.18802967107740	0.10584650570289	0	
1.00000000000000	0.31258827841627	0.10785206391084	0	
1.00000000000000	0.37501471289742	0.21643949912651	0	
1.00000000000000	0.50000245237732	0.21649520912283	0	
1.00000000000000	0.43750286073130	0.32474652753724	0	
1.00000000000000	0.56249999994059	0.32475952674886	0	
1.00000000000000	0.50000047671833	0.43301053544847	0	
1.00000000000000	0.37500055653448	0.43301017456631	0	
1.00000000000000	0.43750017260503	0.54126509464932	0	
1.00000000000000	0.56250010804481	0.54126538556919	0	
1.00000000000000	0.50455368500959	0.64688979544072	0	
1.00000000000000	0.37500000137706	0.64951905184168	0	
1.00000000000000	0.62575896532442	0.64908076031393	0	
1.00000000000000	0.68420318871749	0.53921629031484	0	
1.00000000000000	0.56638505666553	0.74582580319442	0	
1.00000000000000	0.76682610980126	0.64063773052784	0	
1.00000000000000	0.23059122779616	0.22678661393203	0	
1.00000000000000	0.31249999970769	0.32475952669161	0	
1.00000000000000	0.25425807182749	0.43387706115119	0	
1.00000000000000	0.62500040904876	0.21650449452801	0	
1.00000000000000	0.68387427381913	0.32685257117117	0	
1.00000000000000	0.76898125051882	0.22749601786859	0	
1.00000000000000	0.81337251305125	0.10581833380804	0	
1.00000000000000	0.31330573178303	0.89338672244963	0	
1.00000000000000	0.24638638267285	0.78686119984461	0	
1.00000000000000	0.11449446389407	0.79680475521844	0	
1.00000000000000	0.18363342725107	0.69168485642290	0	
1.00000000000000	0.37499999988424	0.78349365004007	0	
1.00000000000000	0.88962650932988	0.69050191331988	0	
1.00000000000000	0.56250047670975	0.10825100916351	0	
1.00000000000000	0.56248111774324	0.89747833598856	0	
1.00000000000000	0.12907594538565	0.43679787871986	0	
1.00000000000000	0.87260627160246	0.43541235469468	0	
1.00000000000000	0.31697738800691	0.53244749361739	0	
1.00000000000000	0.68809291289436	0.74833561601424	0	
1.00000000000000	0.62384634064214	0.43301950211481	0	
1.00000000000000	0.74120589635092	0.43353791768958	0	
1.00000000000000	0.10398550432921	0.18637026134403	0	
1.00000000000000	0.80814627852811	0.90707435141554	0	
1.00000000000000	0.89613052694297	0.18645136080400	0	
1.00000000000000	0.79454808400820	0.74358418097979	0	
1.00000000000000	0.21446376540670	0.51821017576729	0	
1.00000000000000	0.79090531661800	0.52558661002238	0	
1.00000000000000	0.08373412234978	0.68749999999918	0	
1.00000000000000	0.20845766541528	0.34112394635744	0	
1.00000000000000	0.79087445035557	0.34279963601920	0	
1.00000000000000	0.28562966971691	0.69568613098335	0	
1.00000000000000	0.46459074927133	0.73773569001163	0	
1.00000000000000	0.90849364822716	0.90849364887128	0	
1.00000000000000	0.09150635101114	0.09150635133298	0	
1.00000000000000	0.09150635089317	0.90849364910688	0	
1.00000000000000	0.90849364963650	0.09150635004127	0	
1.00000000000000	0.62537055324573	0.82353661525863	0	
1.00000000000000	0.50135913286107	0.82284019132886	0	
1.00000000000000	0.74896442626730	0.82535500258979	0	
1.00000000000000	0.25104837318935	0.60895672206052	0	
0.11154472174503	0.00000000000000	0.56996408435125	0	
0.88757561836707	0.00000000000000	0.57148769935633	0	
0.43749999943932	0.00000000000000	0.10825317569685	0	
0.43750000000181	0.00000000000000	0.89174682507104	0	
0.68749999980914	0.00000000000000	0.10825317592957	0	
0.68718913395535	0.00000000000000	0.89550681451957	0	
0.11203701535964	0.00000000000000	0.30165929302587	0	
0.88796298391226	0.00000000000000	0.30165929362071	0	
0.18670216710985	0.00000000000000	0.88516910675961	0	
0.87923046250935	0.00000000000000	0.81309064295708	0	
0.18802967107740	0.00000000000000	0.10584650570289	0	
0.31258827832252	0.00000000000000	0.10785206393867	0	
0.37501471268880	0.00000000000000	0.21643949925990	0	
0.50000245135965	0.00000000000000	0.21649520945657	0	
0.43750286019010	0.00000000000000	0.32474652757823	0	
0.56249999881843	0.00000000000000	0.32475952700237	0	
0.50000047528689	0.00000000000000	0.43301053541928	0	
0.62500007757615	0.00000000000000	0.43301234133196	0	
0.56250009065544	0.00000000000000	0.54126545590652	0	
0.43750009315426	0.00000000000000	0.54126544521866	0	
0.50000002859962	0.00000000000000	0.64951890972054	0	
0.37500000887200	0.00000000000000	0.64951900214206	0	
0.62500001763214	0.00000000000000	0.64951895878478	0	
0.31592333950745	0.00000000000000	0.53928933974145	0	
0.31612872291420	0.00000000000000	0.32683957072159	0	
0.68387421761049	0.00000000000000	0.32685282001842	0	
0.56249999656683	0.00000000000000	0.75777222711496	0	
0.74513773586124	0.00000000000000	0.43422630451190	0	
0.23049760328560	0.00000000000000	0.64029747592182	0	
0.31249999781917	0.00000000000000	0.75777222540543	0	
0.19047590611404	0.00000000000000	0.76094419397238	0	
0.68661944261849	0.00000000000000	0.75232345566303	0	
0.76706286622876	0.00000000000000	0.64021473364643	0	
0.56250040796232	0.00000000000000	0.10825131877886	0	
0.62439617904297	0.00000000000000	0.21685306718615	0	
0.76889492330015	0.00000000000000	0.22754584916644	0	
0.81336517187574	0.00000000000000	0.10582257193415	0	
0.23110961683154	0.00000000000000	0.22708376280494	0	
0.31249999941239	0.00000000000000	0.89174682486650	0	
0.88965469381458	0.00000000000000	0.69045155709472	0	
0.56249999917132	0.00000000000000	0.89174682500628	0	
0.12726806241314	0.00000000000000	0.43519469447866	0	
0.87191166237525	0.00000000000000	0.43558572647973	0	
0.68749999755171	0.00000000000000	0.54126587767662	0	
0.43749999719300	0.00000000000000	0.75777222619773	0	
0.37617591557265	0.00000000000000	0.43302735340183	0	
0.25879845626728	0.00000000000000	0.43351295689402	0	
0.10404721731553	0.00000000000000	0.18640563617445	0	
0.80814627827203	0.00000000000000	0.90707435173279	0	
0.89611937601283	0.00000000000000	0.18645779766277	0	
0.10368798919526	0.00000000000000	0.68890068042296	0	
0.79430637829081	0.00000000000000	0.74428707876518	0	
0.09524348174388	0.00000000000000	0.81156985885164	0	
0.79183757581681	0.00000000000000	0.52455606845564	0	
0.20858743594582	0.00000000000000	0.52529611828989	0	
0.79155630459139	0.00000000000000	0.34517399880436	0	
0.20912162854312	0.00000000000000	0.34270422374508	0	
0.90849364822716	0.00000000000000	0.90849364887128	0	
0.09150635101114	0.00000000000000	0.09150635133298	0	
0.90849364919842	0.00000000000000	0.09150635047935	0	
0.09059482804415	0.00000000000000	0.90940517195590	0	
0.24999999959730	0.00000000000000	0.82475952587922	0	
0.37499999981671	0.00000000000000	0.82475952694472	0	
0.49999999955186	0.00000000000000	0.82475952727563	0	
0.62499999962108	0.00000000000000	0.82475952849478	0	
0.74896442625923	0.00000000000000	0.82535500437428	0	
0.00000000000000	0.89402714859543	0.56644963723544	0	
0.00000000000000	0.11242438053895	0.57148769787624	0	
0.00000000000000	0.56250000026454	0.10825317560077	0	
0.00000000000000	0.56762657848879	0.88774852696175	0	
0.00000000000000	0.11203701557838	0.30165929317305	0	
0.00000000000000	0.31281086596592	0.89550681438419	0	
0.00000000000000	0.88796298461346	0.30165929319310	0	
0.00000000000000	0.31249999996664	0.10825317555403	0	
0.00000000000000	0.89453796237394	0.80766560833490	0	
0.00000000000000	0.81197032892288	0.10584650570276	0	
0.00000000000000	0.12076953650540	0.81309064254951	0	
0.00000000000000	0.68741172162852	0.10785206392266	0	
0.00000000000000	0.62498528709465	0.21643949923903	0	
0.00000000000000	0.49999754803105	0.21649520915724	0	
0.00000000000000	0.56249713911178	0.32474652765848	0	
0.00000000000000	0.43749999997041	0.32475952665102	0	
0.00000000000000	0.49999952283890	0.43301053522206	0	
0.00000000000000	0.62499944300909	0.43301017467938	0	
0.00000000000000	0.56249982658281	0.54126509470346	0	
0.00000000000000	0.43749989082662	0.54126538470282	0	
0.00000000000000	0.49999995125755	0.64951883914072	0	
0.00000000000000	0.63146059419009	0.63878071894259	0	
0.00000000000000	0.37499997217649	0.64951893305042	0	
0.00000000000000	0.31592329962756	0.53928931765563	0	
0.00000000000000	0.43749999711944	0.75777222572892	0	
0.00000000000000	0.23330037886309	0.64071075869663	0	
0.00000000000000	0.68387118418687	0.32683915012012	0	
0.00000000000000	0.74600637989945	0.43327211156925	0	
0.00000000000000	0.76889036983235	0.22708370288098	0	
0.00000000000000	0.31249999705419	0.75777222468323	0	
0.00000000000000	0.37499959129316	0.21650449412616	0	
0.00000000000000	0.31612572618329	0.32685256966042	0	
0.00000000000000	0.23101875016902	0.22749601656958	0	
0.00000000000000	0.18662748774398	0.10581833310431	0	
0.00000000000000	0.11038854883194	0.69051060726537	0	
0.00000000000000	0.89174682486665	0.68750000058806	0	
0.00000000000000	0.78688045070627	0.75425464740602	0	
0.00000000000000	0.79680750534160	0.88559711183165	0	
0.00000000000000	0.68031688255435	0.81779769830299	0	
0.00000000000000	0.76879439290100	0.63283013957147	0	
0.00000000000000	0.43749952337451	0.10825100905879	0	
0.00000000000000	0.12739372803871	0.43541235340110	0	
0.00000000000000	0.87370247737460	0.43391407272430	0	
0.00000000000000	0.43773590177104	0.89531710147304	0	
0.00000000000000	0.68848937141495	0.53380934354017	0	
0.00000000000000	0.56776050440451	0.75703128075396	0	
0.00000000000000	0.37617474038164	0.43303167253725	0	
0.00000000000000	0.25881869858527	0.43355211591004	0	
0.00000000000000	0.89595278109370	0.18640562906053	0	
0.00000000000000	0.19185372117417	0.90707435144337	0	
0.00000000000000	0.10386947337845	0.18645136018685	0	
0.00000000000000	0.20559880690388	0.74548784711181	0	
0.00000000000000	0.20913433627232	0.52560950249748	0	
0.00000000000000	0.68395019327662	0.91822866741928	0	
0.00000000000000	0.79208667918452	0.34455366609087	0	
0.00000000000000	0.20912906356025	0.34280166258569	0	
0.00000000000000	0.79565945012278	0.52183926997107	0	
0.00000000000000	0.90849364898903	0.09150635133286	0	
0.00000000000000	0.09150635133286	0.90849364898903	0	
0.00000000000000	0.09150635093150	0.09150635093150	0	
0.00000000000000	0.90849364910700	0.90849364910700	0	
0.00000000000000	0.68867901546174	0.71948843335360	0	
0.00000000000000	0.37526372191406	0.82608048215347	0	
0.00000000000000	0.49999999629237	0.82475952408505	0	
0.00000000000000	0.25103557328486	0.82535500253974	0	
0.88005816817150	1.00000000000000	0.58032200783152	0	
0.11242438053895	1.00000000000000	0.57148769787624	0	
0.56250000026454	1.00000000000000	0.10825317560077	0	
0.56705363794252	1.00000000000000	0.89437586885611	0	
0.11203701557838	1.00000000000000	0.30165929317305	0	
0.31281086596592	1.00000000000000	0.89550681438419	0	
0.88796298461346	1.00000000000000	0.30165929319310	0	
0.31249999996664	1.00000000000000	0.10825317555403	0	
0.80766560833490	1.00000000000000	0.89453796237394	0	
0.81197032892288	1.00000000000000	0.10584650570276	0	
0.12076953650540	1.00000000000000	0.81309064254951	0	
0.68741172162852	1.00000000000000	0.10785206392266	0	
0.62498528709465	1.00000000000000	0.21643949923903	0	
0.49999754803105	1.00000000000000	0.21649520915724	0	
0.56249713911178	1.00000000000000	0.32474652765848	0	
0.43749999997041	1.00000000000000	0.32475952665102	0	
0.49999952283890	1.00000000000000	0.43301053522206	0	
0.62499944300909	1.00000000000000	0.43301017467938	0	
0.56249982658281	1.00000000000000	0.54126509470346	0	
0.43749989082662	1.00000000000000	0.54126538470282	0	
0.49999995132738	1.00000000000000	0.64247059179828	0	
0.62757714327914	1.00000000000000	0.64706657957060	0	
0.37499997218849	1.00000000000000	0.64834422516325	0	
0.31592329962933	1.00000000000000	0.53909353300682	0	
0.43749999711944	1.00000000000000	0.75777222572892	0	
0.23330037886512	1.00000000000000	0.64051497404900	0	
0.68387118418687	1.00000000000000	0.32683915012012	0	
0.74513712525540	1.00000000000000	0.43422366504030	0	
0.76889036983235	1.00000000000000	0.22708370288098	0	
0.31249999705419	1.00000000000000	0.75777222468323	0	
0.37499959129316	1.00000000000000	0.21650449412616	0	
0.31612572618329	1.00000000000000	0.32685256966042	0	
0.23101875016902	1.00000000000000	0.22749601656958	0	
0.18662748774398	1.00000000000000	0.10581833310431	0	
0.11038854883225	1.00000000000000	0.69048729956925	0	
0.68750000058806	1.00000000000000	0.89174682486665	0	
0.75374790599509	1.00000000000000	0.78658788354567	0	
0.88552472020152	1.00000000000000	0.79676571003294	0	
0.81639215151314	1.00000000000000	0.69163279615656	0	
0.63436033397388	1.00000000000000	0.77507750735787	0	
0.43749952337451	1.00000000000000	0.10825100905879	0	
0.12739372803871	1.00000000000000	0.43541235340110	0	
0.87083765409507	1.00000000000000	0.43684739342683	0	
0.43984594228086	1.00000000000000	0.88660503014406	0	
0.68335133540563	1.00000000000000	0.53209651559035	0	
0.37499999992241	1.00000000000000	0.43301270096712	0	
0.25862290850927	1.00000000000000	0.43351632320673	0	
0.89595278109370	1.00000000000000	0.18640562906053	0	
0.19185372117417	1.00000000000000	0.90707435144337	0	
0.10386947337845	1.00000000000000	0.18645136018685	0	
0.20559880690434	1.00000000000000	0.74544402864292	0	
0.78546373862611	1.00000000000000	0.51821920389979	0	
0.20910636626201	1.00000000000000	0.52554845078314	0	
0.91626587765048	1.00000000000000	0.68749999999918	0	
0.79133986359745	1.00000000000000	0.34533064092206	0	
0.20910109354939	1.00000000000000	0.34279654934236	0	
0.52798622305265	1.00000000000000	0.80397845734652	0	
0.71566508551206	1.00000000000000	0.69857152581685	0	
0.90849364898903	1.00000000000000	0.09150635133286	0	
0.09150635133286	1.00000000000000	0.90849364898903	0	
0.09150635093150	1.00000000000000	0.09150635093150	0	
0.90849364910700	1.00000000000000	0.90849364910700	0	
0.36868452605088	1.00000000000000	0.82471858880896	0	
0.55034623480182	1.00000000000000	0.72247583536912	0	
0.25103557328486	1.00000000000000	0.82535500253974	0	
0.75141793708460	1.00000000000000	0.61131810481095	0	
0.89174682452710	0.43750000000181	1.00000000000000	0	
0.43112117036854	0.12125914095289	1.00000000000000	0	
0.10825317547304	0.56249999999885	1.00000000000000	0	
0.56409486310636	0.88927506082488	1.00000000000000	0	
0.68750000000078	0.10825317547230	1.00000000000000	0	
0.89298495739101	0.69010814643829	1.00000000000000	0	
0.10449318608631	0.31281086598417	1.00000000000000	0	
0.33077402607778	0.88173731489852	1.00000000000000	0	
0.79665793440247	0.89051480781310	1.00000000000000	0	
0.89415349436770	0.18802967116092	1.00000000000000	0	
0.10825317547334	0.81249999999951	1.00000000000000	0	
0.18690935762409	0.12076953676381	1.00000000000000	0	
0.89214793616708	0.31258827852827	1.00000000000000	0	
0.78514649317305	0.37776173212361	1.00000000000000	0	
0.78376912307436	0.50046028868828	1.00000000000000	0	
0.67714785211715	0.44078402250378	1.00000000000000	0	
0.67675037307860	0.56496004948276	1.00000000000000	0	
0.56727788297625	0.50048844149666	1.00000000000000	0	
0.56729917871029	0.38694285807596	1.00000000000000	0	
0.45684931552185	0.44301038174930	1.00000000000000	0	
0.45846841892908	0.56349980387502	1.00000000000000	0	
0.35012252869403	0.50108503093851	1.00000000000000	0	
0.34812185820708	0.37953773393552	1.00000000000000	0	
0.35044303886910	0.62512662990940	1.00000000000000	0	
0.45868352063672	0.68768773896438	1.00000000000000	0	
0.24222777169198	0.43750000000200	1.00000000000000	0	
0.35048094716480	0.75000000000057	1.00000000000000	0	
0.24762892664809	0.68668231842078	1.00000000000000	0	
0.24965544328046	0.31411863959822	1.00000000000000	0	
0.35773612382017	0.24418615484441	1.00000000000000	0	
0.45500248311961	0.81242894672211	1.00000000000000	0	
0.56698729811007	0.75000000000032	1.00000000000000	0	
0.67678595194837	0.82212678063041	1.00000000000000	0	
0.68211701800612	0.69851598570178	1.00000000000000	0	
0.78687675331113	0.76243180583606	1.00000000000000	0	
0.77093399389351	0.23533274979922	1.00000000000000	0	
0.31250000000117	0.10825317547343	1.00000000000000	0	
0.47344721641342	0.22257735880419	1.00000000000000	0	
0.56179824718363	0.13712305380401	1.00000000000000	0	
0.65480892822618	0.21809253452218	1.00000000000000	0	
0.78507497703804	0.62844955668446	1.00000000000000	0	
0.10825317547329	0.68749999999927	1.00000000000000	0	
0.10825317547300	0.43749999999911	1.00000000000000	0	
0.89211526915426	0.56327595140699	1.00000000000000	0	
0.56838075195614	0.62752533658682	1.00000000000000	0	
0.24222777169208	0.56250000000143	1.00000000000000	0	
0.81206782209691	0.10409951422139	1.00000000000000	0	
0.09292564867358	0.19185372118111	1.00000000000000	0	
0.19336200683917	0.89658421694298	1.00000000000000	0	
0.89717308644238	0.80886664387416	1.00000000000000	0	
0.25628918442207	0.20767261601459	1.00000000000000	0	
0.25007334953587	0.79891106056046	1.00000000000000	0	
0.67760114260606	0.32607333794064	1.00000000000000	0	
0.43749999999887	0.91546429876211	1.00000000000000	0	
0.45772433581183	0.32815957677880	1.00000000000000	0	
0.68749999999918	0.92266244547590	1.00000000000000	0	
0.90849364905351	0.09150635094649	1.00000000000000	0	
0.90849364905368	0.90849364905363	1.00000000000000	0	
0.09150635094662	0.09150635094642	1.00000000000000	0	
0.09150635094630	0.90849364905356	1.00000000000000	0	
0.56544650815857	0.26982811998763	1.00000000000000	0	
0.17524047358136	0.62499999999893	1.00000000000000	0	
0.17524047358151	0.49999999999935	1.00000000000000	0	
0.17524047358384	0.37500000000232	1.00000000000000	0	
0.17530677078674	0.73983916756366	1.00000000000000	0	
0.17464499738447	0.25103557339309	1.00000000000000	0	
0.49999999998483	0.50000000001126	0.50003436019629	1	
0.31799630227909	0.68757317069127	0.68832435129546	1	
0.66319374243999	0.69120658196944	0.68723222867206	1	
0.31822631937234	0.68177433772615	0.31184963194685	1	
0.68303563633741	0.31693556403911	0.31691418216871	1	
0.31834491495074	0.31834557198361	0.31137871741597	1	
0.68258321049029	0.31193767558121	0.68153304516373	1	
0.68301851978856	0.68301808337399	0.31676299304657	1	
0.32139006864216	0.31295988006429	0.68827462228077	1	
0.50000009499026	0.24481805963733	0.50517989824072	1	
0.75518192855378	0.50000022430871	0.50517981019319	1	
0.24481807142419	0.49999977498666	0.50517980999822	1	
0.49776937303968	0.75500931386695	0.50389211432829	1	
0.49593259413687	0.50274078109453	0.24494636096486	1	
0.49593259413687	0.50274078109453	0.75508869621668	1	
0.77376260415862	0.77280897056937	0.50548984514849	1	
0.22579818076568	0.77421151007275	0.49865144213962	1	
0.77442292676094	0.50549314769710	0.76888218337486	1	
0.77642508981466	0.22252510370013	0.49807992802441	1	
0.22637558199782	0.22636896011746	0.49930621414748	1	
0.23789076956945	0.50000000000172	0.78372188892266	1	
0.50171897603664	0.22430310921200	0.22259785011422	1	
0.22447268506253	0.50014931840176	0.21902182590399	1	
0.77535671924443	0.49994306032611	0.22463256120051	1	
0.50346396796062	0.21889762121926	0.77823945609484	1	
0.50161111201540	0.77412088990878	0.21768213812887	1	
0.48977497869843	0.79114306729930	0.76710474762176	1	
0.80063441216276	0.79916275273860	0.79724618827172	1	
0.19575311975173	0.19957165785229	0.80177488108676	1	
0.19705257072882	0.80471774572366	0.80317633818310	1	
0.19946359681118	0.19922256438627	0.19586954213452	1	
0.80139432019668	0.19632987473558	0.80146544709482	1	
0.18879383226615	0.68241177849879	0.17720649766760	1	
0.18517945261213	0.81474829102108	0.31935621597106	1	
0.81541138289637	0.18411545661453	0.31871292257780	1	
0.81788848268944	0.81861591745234	0.27903579851985	1	
0.68229106772796	0.18200393952848	0.18393629634548	1	
0.81855988464002	0.31776845433574	0.18036216732647	1	
0.50535380596037	0.35390716112231	0.35525186413286	1	
0.63025994799000	0.48851454510594	0.37024279492020	1	
0.64341862817098	0.64464244385317	0.51146907075011	1	
0.66990852234580	0.33209388536919	0.48874909817140	1	
0.37191982978525	0.37191965401777	0.47833994889932	1	
0.34851861785423	0.50466952780943	0.35400700951064	1	
0.31777597399268	0.82183308027883	0.18341080774802	1	
0.35361568812529	0.64494993373060	0.48672037431171	1	
0.51573062980301	0.62959410792180	0.37358480010322	1	
0.63624011216898	0.51782500861703	0.64103593621916	1	
0.16953290531985	0.60046717256799	0.37499943534269	1	
0.39809074040864	0.83103911350139	0.37417536306459	1	
0.50669042589040	0.35173622977265	0.65302634809683	1	
0.62788672342892	0.40230916032011	0.82938113860254	1	
0.39960402785218	0.16966977238410	0.37478905408750	1	
0.16966968582905	0.39959800287336	0.37479522755976	1	
0.59931430377185	0.16874493653165	0.37567338917430	1	
0.83124223677556	0.40067145582978	0.37565678344560	1	
0.62690272144892	0.40431675642769	0.16939371471344	1	
0.83115914034768	0.59916808881447	0.37549244812960	1	
0.37489500572412	0.47386900413217	0.62589441045790	1	
0.59908198490209	0.83112077062559	0.37579912593904	1	
0.49088887885383	0.65045157324313	0.65111541062636	1	
0.82036987175508	0.63247437247493	0.61365961944656	1	
0.41324696474895	0.64138305424342	0.83293638507114	1	
0.63077812583879	0.83371047828158	0.58867042021416	1	
0.83005250885982	0.36381369697291	0.59416713447931	1	
0.41083895183770	0.36703061185047	0.16727682914981	1	
0.63094463944760	0.59062875311124	0.83018944846419	1	
0.63192350405082	0.59257557275456	0.17103840914249	1	
0.40707850014627	0.63388749281888	0.16699350267888	1	
0.79366612736714	0.67229280121095	0.17473739511815	1	
0.17359486104314	0.63510112452127	0.59751642643418	1	
0.41468008531210	0.36381403375904	0.83104064827901	1	
0.36468026465598	0.83096969357329	0.59410008350506	1	
0.17303437764462	0.36528803340222	0.60068007163474	1	
0.63512435064254	0.16713371328179	0.59031458876073	1	
0.64034778386204	0.76066460895183	0.84144277786816	1	
0.36572663831629	0.16877781317430	0.59384001041851	1	
0.67264575168475	0.80300253210832	0.17706926486069	1	
0.16195829846100	0.16195349746901	0.35665617475912	1	
0.84617719190957	0.84215837541027	0.64086191417038	1	
0.84004216093775	0.15511922096865	0.64087524379930	1	
0.15764424909469	0.84274073650700	0.64050021016645	1	
0.83527480950425	0.64239777622573	0.84175452336898	1	
0.64484167096155	0.16325343903550	0.84407732114820	1	
0.16521499548184	0.35955301641910	0.83483251079133	1	
0.15643268474262	0.64602155146402	0.76458024530450	1	
0.35657164721044	0.16759871667818	0.84685628518294	1	
0.83724268651153	0.36068156884528	0.83703892562630	1	
0.15784993167094	0.15566882108851	0.64007638329079	1	
0.15513944708230	0.84387853393938	0.15875195755747	1	
0.84414811294892	0.15517008474437	0.15763579505294	1	
0.35246051874061	0.83793497337939	0.84350047470380	1	
0.15747628459723	0.35749604635200	0.16479425925347	1	
0.35976060962269	0.15830669045710	0.15570363401820	1	
0.67753932368733	0.85705548808778	0.73076799482393	1	
0.26708943597206	0.62362729039842	0.86462374276351	1	
0.85865784803840	0.85899846227654	0.13825689308806	1	
0.36813262937743	0.50221576783733	0.85338684900645	1	
0.35189538514626	0.49963309706920	0.14656557584263	1	
0.15000631220784	0.50097539551739	0.66156119817980	1	
0.50000008881951	0.12240940022066	0.57735003223144	1	
0.74017402144507	0.86033460083953	0.39449052062749	1	
0.85513219702024	0.49597746306150	0.64863763134212	1	
0.86040127755833	0.74022900389309	0.39362262975403	1	
0.71121114812695	0.28979157982312	0.86441134727266	1	
0.87493598429784	0.50000052972095	0.12506401569332	1	
0.49999992336921	0.87836416356377	0.56913791385941	1	
0.29153554038932	0.29551385137668	0.86305381962675	1	
0.86819392613700	0.50045751057566	0.87513854014086	1	
0.13024671156396	0.51892421607333	0.86975328743660	1	
0.13645903190492	0.28745403543671	0.29071129195926	1	
0.28744354135975	0.13640869160563	0.29091902096030	1	
0.85929636230683	0.27991861155513	0.70371632695009	1	
0.12155987583866	0.49999943495756	0.12711067078715	1	
0.28680950063963	0.29892006756361	0.13866973759490	1	
0.70242242906182	0.13812011555181	0.71439098720756	1	
0.12108290731949	0.68999087285514	0.46794708895243	1	
0.68469404297970	0.11796749290392	0.47071703109190	1	
0.87858507836049	0.30982511259481	0.46775937765009	1	
0.36348310070999	0.56398124992312	0.72993952592498	1	
0.31287340414541	0.87865808333719	0.47241076278521	1	
0.85812064803691	0.88252228615054	0.50897726072032	1	
0.50000073964222	0.11420456839550	0.14432971213184	1	
0.40896522646238	0.13229658051839	0.72191103565062	1	
0.56335073220895	0.12408188130538	0.69910086295249	1	
0.30035456331468	0.58447571470719	0.59689054894561	1	
0.87209526068862	0.72229876756822	0.70619039592036	1	
0.12160281230802	0.31336347017793	0.47238318159051	1	
0.28300170344574	0.86852275271297	0.70671352462080	1	
0.31335783199788	0.12159112150621	0.47236141860030	1	
0.11734998501113	0.49999612177639	0.30121554263821	1	
0.59417734160273	0.27534425872761	0.13443001038599	1	
0.49999950560109	0.87635582387502	0.12303483230642	1	
0.11842297232596	0.46091924076900	0.48261713480018	1	
0.87017818982659	0.57213763253197	0.50269692409716	1	
0.49999588785871	0.88254768058061	0.29896621139798	1	
0.57853196156365	0.87701924731679	0.81844603396839	1	
0.50000376558456	0.11648312649547	0.30229023588584	1	
0.51791808307432	0.46050160220055	0.88115346532442	1	
0.12004176087291	0.86027827793957	0.51010968966738	1	
0.52235309459667	0.63553940613021	0.23831356118642	1	
0.51694656934542	0.46236810343278	0.11856444502965	1	
0.12517441224165	0.12596959096063	0.50443608037725	1	
0.88382110601732	0.50000370772089	0.30285426809165	1	
0.13317232890465	0.29191268051407	0.71482875856929	1	
0.28526527350141	0.61294187528078	0.11607458090003	1	
0.53437904258488	0.31239779395691	0.87351582606355	1	
0.55533866060780	0.87411300107670	0.68751871101371	1	
0.70669714046914	0.41437346449534	0.59513006065306	1	
0.87854813644822	0.12581199632630	0.50840794181769	1	
0.11992166534896	0.71882843198311	0.87057430022971	1	
0.53720747873541	0.67836283783676	0.87702965610926	1	
0.40509206349906	0.29686241104324	0.58457235922188	1	
0.87588585797783	0.43981572257107	0.49434185408850	1	
0.70901036462395	0.87307582120044	0.85885797145379	1	
0.71283443895654	0.50211035996046	0.88710178457808	1	
0.52907583228212	0.38646640239645	0.51941978955455	1	
0.52110432806794	0.12321525127823	0.86771921632282	1	
0.12805267066140	0.69748899377104	0.29434687502950	1	
0.47603245763190	0.48051073985062	0.37261597249023	1	
0.47811263239909	0.62700523181756	0.52296596350803	1	
0.24014106832020	0.37023680308566	0.48229316268683	1	
0.70798755357284	0.58304741922118	0.41602007375037	1	
0.88556544825661	0.74188949883918	0.56634061686500	1	
0.37198711926474	0.51603763460244	0.48168338628598	1	
0.51247562355796	0.47942086489303	0.62802877830707	1	
0.88249298986509	0.85871276441621	0.88001212549041	1	
0.62734167450060	0.47888724818204	0.51497120875039	1	
0.49966999767599	0.12862717345895	0.44800158475880	1	
0.27105240273031	0.12434421373376	0.71329760797146	1	
0.52908735044911	0.69059667413890	0.11519454658472	1	
0.11236176616026	0.25102667367909	0.88763823381086	1	
0.70250334750128	0.49697322583162	0.11569136114596	1	
0.64767567122716	0.76925956248015	0.47812734318091	1	
0.69883127539745	0.12742243871051	0.30160150620957	1	
0.87675475021536	0.67695818459808	0.27811552752195	1	
0.42457791194733	0.88296381567973	0.69907183225242	1	
0.36084831613525	0.24249981570978	0.47516790844105	1	
0.87150423165530	0.30140346518279	0.29952631393219	1	
0.34313125249635	0.43235619375757	0.74573573229896	1	
0.73726255450589	0.88666325729817	0.54616572521950	1	
0.52419061319392	0.35149328741654	0.22740518153756	1	
0.78463587829905	0.38681826606037	0.71471055634555	1	
0.87542199379262	0.59525142764991	0.72854186021188	1	
0.44149134064045	0.72147027101715	0.31989933707756	1	
0.73772333895170	0.77613465801246	0.62788244045085	1	
0.40732507792952	0.40946481917064	0.28931732416343	1	
0.41371310622977	0.75730387853552	0.11710275845803	1	
0.49803065516712	0.87271142915832	0.44167976089505	1	
0.41142118793772	0.59627775802627	0.28968384358816	1	
0.13534948459801	0.12104972963391	0.85248454295667	1	
0.29949957775618	0.87373630218049	0.30111194898389	1	
0.48708364877028	0.22549663221125	0.65170588936284	1	
0.22221814963264	0.71471972331709	0.38718091082484	1	
0.58001372730370	0.71807345598284	0.59240482209513	1	
0.87738218572892	0.12261781465026	0.87738218569265	1	
0.60665813414236	0.41146243832436	0.70427158193112	1	
0.37456178327129	0.76911921958424	0.48140110614176	1	
2564
488	547	532	684	1
139	157	98	579	1
513	547	593	681	1
491	528	505	542	1
528	561	537	643	1
547	559	513	593	1
491	505	528	541	1
381	546	564	588	1
542	605	505	665	1
491	505	541	661	1
446	507	584	594	1
349	282	150	517	1
537	561	496	643	1
289	229	272	570	1
528	496	561	643	1
542	528	605	640	1
232	262	285	573	1
491	521	505	661	1
446	571	507	594	1
489	569	504	670	1
272	289	570	682	1
521	505	605	665	1
350	414	480	516	1
493	537	528	561	1
504	489	553	569	1
150	139	323	517	1
495	571	507	631	1
535	603	532	680	1
166	574	518	682	1
528	542	497	640	1
323	517	139	579	1
129	508	552	580	1
489	562	553	569	1
398	474	578	623	1
285	232	573	677	1
492	506	540	597	1
496	541	528	561	1
488	559	547	684	1
551	605	528	640	1
513	547	489	638	1
489	514	562	569	1
547	499	593	681	1
506	492	540	648	1
135	197	556	592	1
547	553	489	638	1
532	547	647	684	1
150	323	349	517	1
208	514	167	566	1
139	517	157	579	1
467	272	570	682	1
528	561	541	604	1
494	533	546	671	1
510	526	494	554	1
506	598	492	664	1
526	542	510	649	1
513	593	559	663	1
492	565	506	597	1
495	507	560	631	1
506	565	492	598	1
511	570	493	591	1
527	502	548	649	1
502	621	548	649	1
528	497	551	640	1
324	276	274	677	1
511	591	493	633	1
349	271	282	517	1
499	559	547	593	1
553	562	454	569	1
129	552	508	618	1
489	547	534	553	1
507	571	495	666	1
534	547	501	553	1
491	510	526	542	1
510	543	526	554	1
488	568	557	572	1
513	593	634	681	1
292	94	519	600	1
525	528	496	541	1
489	504	534	548	1
497	528	526	542	1
389	365	298	568	1
365	516	298	568	1
501	553	547	638	1
117	509	579	585	1
495	560	507	666	1
297	139	98	579	1
505	542	528	605	1
191	166	433	574	1
254	515	575	677	1
329	351	557	572	1
509	492	552	673	1
528	541	505	604	1
492	509	552	601	1
329	557	568	572	1
491	526	510	543	1
455	562	514	569	1
505	604	541	661	1
433	574	166	682	1
549	578	488	582	1
494	526	510	649	1
324	300	276	677	1
491	526	528	542	1
323	139	297	579	1
494	546	512	671	1
491	528	525	541	1
271	349	340	517	1
488	503	557	568	1
501	547	549	638	1
403	516	419	578	1
493	505	551	567	1
401	520	607	626	1
285	573	515	677	1
492	508	539	580	1
117	585	579	601	1
451	578	474	623	1
542	544	510	649	1
544	621	502	649	1
445	549	447	578	1
430	433	166	682	1
341	515	324	575	1
525	539	508	541	1
526	543	500	554	1
516	488	578	582	1
503	488	559	568	1
403	419	360	578	1
488	532	503	684	1
489	613	569	670	1
546	550	372	675	1
129	146	552	618	1
196	208	167	566	1
324	274	575	677	1
279	521	251	636	1
518	570	289	682	1
540	597	506	614	1
493	591	538	633	1
495	545	529	648	1
488	516	568	572	1
389	298	325	568	1
547	499	647	684	1
167	514	392	566	1
513	547	488	559	1
200	522	590	608	1
150	103	139	517	1
381	546	367	564	1
489	514	569	613	1
133	94	153	519	1
513	578	549	638	1
524	543	144	618	1
545	586	560	666	1
505	493	561	567	1
508	541	539	624	1
232	457	262	573	1
496	539	525	541	1
571	586	507	631	1
489	504	548	670	1
403	469	516	578	1
498	532	530	535	1
547	559	499	684	1
503	532	603	680	1
521	604	251	636	1
493	567	551	599	1
492	508	525	539	1
498	603	535	620	1
496	561	537	679	1
392	514	167	653	1
509	552	585	673	1
425	272	229	570	1
509	492	540	579	1
511	570	591	633	1
454	562	455	569	1
397	588	522	608	1
431	350	480	516	1
365	403	414	516	1
469	403	360	578	1
506	495	560	575	1
518	574	433	682	1
397	522	200	608	1
103	517	234	580	1
490	530	532	535	1
457	573	232	677	1
277	256	567	604	1
234	282	271	517	1
513	578	451	623	1
518	567	193	682	1
326	568	516	572	1
508	523	491	541	1
503	532	557	603	1
504	589	215	669	1
323	340	349	517	1
488	503	532	612	1
509	632	490	676	1
526	494	554	627	1
492	530	509	540	1
552	509	585	601	1
560	507	586	631	1
135	197	162	556	1
495	506	563	575	1
164	569	426	653	1
223	567	551	605	1
458	573	558	633	1
498	557	603	620	1
491	525	508	541	1
504	215	574	669	1
119	531	519	632	1
530	540	535	617	1
491	543	524	618	1
461	553	454	569	1
133	519	156	576	1
495	560	545	648	1
467	570	518	682	1
367	564	546	622	1
508	492	552	580	1
373	372	550	675	1
490	509	530	535	1
551	567	505	605	1
506	616	598	664	1
513	623	451	638	1
492	580	539	598	1
233	193	567	682	1
92	524	159	592	1
579	585	509	601	1
277	267	256	604	1
329	568	557	603	1
488	503	559	684	1
215	504	574	595	1
498	535	530	540	1
519	600	509	617	1
380	568	407	607	1
497	528	551	635	1
401	396	410	520	1
432	457	232	677	1
588	590	522	608	1
491	524	523	618	1
510	544	542	630	1
493	570	511	602	1
495	529	545	639	1
315	575	342	614	1
511	602	570	611	1
540	614	506	648	1
498	560	545	586	1
94	153	519	600	1
489	534	504	553	1
117	137	154	509	1
505	528	551	605	1
230	271	340	517	1
492	598	539	664	1
494	590	502	649	1
448	485	516	637	1
361	165	200	522	1
397	409	522	588	1
493	602	511	611	1
233	193	263	567	1
302	600	519	617	1
308	603	557	620	1
314	571	586	596	1
495	529	639	648	1
526	533	494	627	1
301	292	94	519	1
133	301	94	519	1
451	578	513	638	1
162	97	135	556	1
154	509	137	600	1
346	329	603	626	1
528	505	561	604	1
505	521	604	661	1
117	137	509	585	1
117	509	154	600	1
494	564	546	588	1
230	517	294	565	1
530	509	540	617	1
530	535	509	617	1
129	552	121	580	1
196	167	392	566	1
361	200	397	522	1
510	524	491	543	1
447	578	549	582	1
263	193	211	567	1
493	528	505	561	1
527	534	497	548	1
298	350	327	516	1
489	562	513	638	1
128	103	234	580	1
495	639	506	648	1
97	556	162	583	1
492	579	509	601	1
561	567	256	604	1
513	634	593	663	1
425	467	272	570	1
451	445	447	578	1
489	534	527	548	1
401	396	520	626	1
315	560	575	614	1
557	568	503	603	1
392	408	196	566	1
222	569	164	653	1
119	118	531	632	1
560	586	507	666	1
372	546	588	667	1
213	200	522	590	1
446	507	466	584	1
252	278	575	616	1
491	526	543	668	1
494	649	502	660	1
446	584	443	594	1
539	541	496	655	1
142	517	103	580	1
277	604	567	636	1
550	546	660	675	1
340	294	230	517	1
267	561	256	604	1
503	607	520	626	1
531	555	490	632	1
507	586	571	596	1
137	509	585	632	1
585	632	509	676	1
513	488	549	578	1
509	519	490	632	1
461	553	569	642	1
505	604	521	636	1
489	548	613	670	1
105	543	524	659	1
598	616	539	664	1
488	557	503	612	1
308	307	603	620	1
266	279	251	636	1
448	516	582	637	1
519	531	490	632	1
105	144	524	543	1
508	525	491	668	1
327	350	431	516	1
507	586	572	612	1
510	494	544	556	1
559	568	488	615	1
266	521	279	636	1
538	558	501	683	1
546	660	588	667	1
535	603	307	620	1
498	545	560	648	1
506	597	565	614	1
510	630	592	662	1
314	586	571	631	1
393	566	514	581	1
95	564	357	619	1
493	537	511	683	1
493	537	561	679	1
534	548	504	589	1
505	605	567	636	1
558	633	537	683	1
540	579	492	597	1
466	507	446	596	1
506	565	598	616	1
498	532	557	612	1
519	302	617	645	1
257	523	130	609	1
502	544	590	621	1
426	569	455	653	1
505	567	561	604	1
495	545	560	666	1
455	569	514	653	1
450	558	458	573	1
495	511	558	573	1
407	607	568	626	1
500	526	554	627	1
223	551	567	599	1
492	539	525	664	1
568	603	329	626	1
342	614	575	629	1
495	506	560	648	1
137	600	509	632	1
494	512	546	564	1
392	514	393	566	1
524	592	510	630	1
554	556	125	564	1
494	510	544	649	1
507	584	594	666	1
488	578	513	663	1
494	546	533	660	1
552	580	492	601	1
199	186	212	636	1
530	540	492	648	1
497	542	526	649	1
500	543	526	668	1
492	525	508	673	1
534	504	553	683	1
252	575	563	616	1
561	567	493	602	1
361	397	409	522	1
251	521	279	661	1
329	557	334	603	1
538	633	558	683	1
452	451	623	638	1
128	234	235	580	1
534	547	527	647	1
537	501	558	683	1
534	647	527	654	1
458	511	573	633	1
494	522	564	588	1
491	525	526	668	1
497	548	534	589	1
117	579	509	600	1
487	647	534	654	1
92	104	159	524	1
498	586	545	612	1
497	527	548	649	1
493	611	511	679	1
170	592	524	630	1
346	329	334	603	1
490	530	509	676	1
197	187	556	592	1
498	530	532	651	1
128	142	103	580	1
501	558	538	625	1
475	458	558	633	1
112	555	628	657	1
488	532	547	612	1
503	568	559	607	1
502	590	544	649	1
199	212	521	636	1
372	399	550	667	1
509	519	617	645	1
490	535	532	680	1
491	523	508	618	1
567	604	505	636	1
560	575	495	631	1
510	630	542	665	1
494	564	554	627	1
143	519	119	531	1
165	213	200	522	1
545	586	507	612	1
509	530	492	673	1
511	537	495	558	1
495	537	511	679	1
448	485	472	516	1
495	575	563	656	1
509	617	535	645	1
313	315	342	614	1
529	530	492	648	1
133	301	519	576	1
538	553	504	683	1
506	575	560	614	1
278	575	616	629	1
488	513	559	663	1
499	533	546	660	1
513	549	547	638	1
378	380	407	607	1
401	520	410	678	1
179	215	589	669	1
523	541	508	624	1
497	548	621	649	1
572	586	557	612	1
489	513	581	634	1
167	514	208	653	1
545	507	586	666	1
511	537	633	683	1
503	603	568	626	1
133	156	102	576	1
179	195	215	669	1
510	592	556	662	1
426	206	164	653	1
627	628	555	657	1
508	580	129	609	1
126	556	97	583	1
446	507	571	596	1
129	146	121	552	1
391	393	514	581	1
367	619	564	622	1
554	564	125	657	1
494	533	527	660	1
492	525	529	664	1
466	446	483	596	1
251	604	521	661	1
480	469	431	516	1
313	560	315	614	1
488	547	513	549	1
502	494	588	590	1
466	507	582	584	1
193	518	194	567	1
215	504	595	670	1
511	573	495	610	1
494	512	564	627	1
401	607	520	678	1
549	441	625	638	1
252	247	278	616	1
501	549	625	638	1
499	546	533	671	1
541	624	523	661	1
533	651	532	676	1
222	514	569	653	1
508	609	523	624	1
523	609	258	624	1
189	162	556	583	1
490	632	555	676	1
359	332	296	520	1
107	543	144	659	1
502	588	494	660	1
373	372	399	550	1
133	102	299	576	1
366	357	95	564	1
118	531	632	674	1
525	528	526	643	1
503	568	607	626	1
514	566	208	613	1
491	526	525	528	1
215	589	504	670	1
359	396	332	520	1
493	511	537	679	1
133	299	301	576	1
489	513	562	581	1
552	618	146	628	1
211	193	194	567	1
521	605	505	636	1
496	525	539	664	1
266	163	231	521	1
525	643	526	646	1
488	615	578	663	1
524	592	105	659	1
555	632	585	676	1
189	583	556	662	1
538	625	558	633	1
526	533	527	649	1
487	534	647	652	1
563	575	506	616	1
545	612	547	647	1
396	332	520	626	1
450	475	458	558	1
132	592	556	659	1
258	523	624	661	1
141	97	162	583	1
332	344	520	626	1
195	574	215	669	1
510	524	630	665	1
525	668	508	673	1
367	546	369	622	1
532	547	612	647	1
395	531	99	619	1
179	599	195	669	1
502	649	527	660	1
519	520	490	531	1
252	563	247	616	1
527	547	534	681	1
392	393	408	566	1
510	592	524	659	1
489	513	634	681	1
492	508	552	673	1
199	163	266	521	1
487	526	643	646	1
458	573	511	644	1
383	381	367	564	1
132	556	554	659	1
516	488	568	615	1
168	169	101	577	1
131	523	127	618	1
554	627	564	657	1
292	519	302	600	1
592	630	187	662	1
547	647	534	652	1
564	619	512	622	1
506	492	648	664	1
521	523	491	524	1
385	531	619	622	1
126	564	556	583	1
452	623	562	638	1
494	544	590	649	1
554	628	627	657	1
506	575	614	629	1
510	554	494	556	1
147	366	95	564	1
497	589	534	635	1
373	550	593	675	1
500	526	525	668	1
491	618	508	668	1
530	532	651	676	1
141	162	190	583	1
426	470	206	653	1
557	586	308	620	1
501	625	553	638	1
143	119	118	531	1
266	199	521	636	1
461	437	553	642	1
315	575	560	631	1
520	503	603	680	1
499	671	533	684	1
114	585	117	601	1
533	671	532	684	1
105	144	543	659	1
490	555	531	671	1
393	412	566	581	1
558	573	511	633	1
125	554	132	556	1
112	628	136	657	1
131	127	144	618	1
367	381	369	546	1
96	257	228	523	1
108	132	554	659	1
110	146	618	628	1
497	544	542	649	1
141	126	97	583	1
455	514	562	641	1
252	563	575	656	1
192	166	518	682	1
524	170	630	665	1
488	572	557	612	1
466	582	507	596	1
493	561	611	679	1
451	474	424	623	1
488	516	572	582	1
539	580	508	624	1
554	136	628	657	1
489	547	513	681	1
489	553	562	638	1
502	621	590	650	1
524	543	510	659	1
510	556	544	662	1
495	573	558	594	1
353	314	586	596	1
164	206	222	653	1
546	564	512	622	1
512	619	531	622	1
491	541	523	661	1
498	540	530	648	1
461	437	454	553	1
187	162	197	556	1
506	616	575	629	1
487	643	526	654	1
545	507	606	612	1
520	603	503	626	1
526	643	528	654	1
500	533	526	627	1
96	130	257	523	1
383	564	366	583	1
503	557	532	612	1
159	104	169	524	1
495	563	506	639	1
395	99	145	619	1
544	556	494	662	1
307	306	535	620	1
194	567	518	599	1
556	592	187	662	1
431	327	516	637	1
501	534	553	683	1
392	391	393	514	1
508	609	129	618	1
506	648	639	664	1
508	668	552	673	1
618	628	552	668	1
495	631	575	656	1
499	527	533	660	1
108	132	125	554	1
564	627	512	657	1
607	678	536	680	1
511	537	558	633	1
181	590	203	621	1
469	360	428	578	1
545	647	547	652	1
541	561	496	655	1
100	564	126	583	1
362	140	531	576	1
531	671	555	674	1
527	548	502	672	1
555	627	500	628	1
105	107	144	659	1
472	516	469	578	1
353	586	335	596	1
228	260	138	577	1
461	454	455	569	1
294	517	322	565	1
132	135	97	556	1
426	455	470	653	1
511	633	458	644	1
357	564	367	619	1
256	567	561	602	1
135	556	132	592	1
519	600	153	632	1
230	261	517	565	1
456	433	518	574	1
359	520	296	576	1
489	548	527	672	1
526	649	527	654	1
515	631	495	656	1
121	580	552	601	1
498	529	545	648	1
530	585	509	676	1
362	388	140	576	1
100	147	124	564	1
163	231	521	577	1
181	590	621	650	1
441	584	549	625	1
492	565	597	598	1
488	582	572	606	1
527	647	547	681	1
492	580	598	601	1
412	581	376	667	1
465	625	441	638	1
572	582	507	606	1
520	678	607	680	1
465	553	625	638	1
541	604	561	655	1
257	258	523	609	1
493	567	599	602	1
499	546	671	675	1
495	511	610	679	1
526	494	533	649	1
504	534	589	635	1
518	567	275	602	1
156	519	143	576	1
385	531	622	678	1
402	207	522	583	1
194	518	192	599	1
496	529	525	664	1
496	528	525	643	1
522	564	383	583	1
189	556	162	662	1
495	515	573	594	1
527	533	494	649	1
143	519	531	576	1
545	606	547	612	1
514	613	489	672	1
493	591	570	602	1
539	598	580	624	1
556	583	522	662	1
558	443	584	594	1
507	594	571	666	1
515	495	573	656	1
543	554	510	659	1
104	169	524	577	1
555	585	112	628	1
174	621	630	640	1
104	101	169	577	1
332	317	344	626	1
509	579	540	617	1
607	680	536	684	1
125	556	126	564	1
501	553	538	683	1
156	119	143	519	1
395	362	99	531	1
100	124	126	564	1
516	568	405	615	1
340	322	294	517	1
442	446	466	584	1
194	193	192	518	1
571	594	495	666	1
532	671	533	676	1
271	230	261	517	1
515	575	341	631	1
96	523	228	577	1
238	598	539	624	1
314	312	586	631	1
465	553	438	625	1
540	597	305	617	1
147	95	124	564	1
494	556	554	564	1
326	572	516	637	1
548	621	502	650	1
364	383	366	583	1
170	159	524	592	1
335	586	572	596	1
558	573	450	594	1
353	314	335	586	1
555	632	531	674	1
436	591	538	642	1
538	574	504	642	1
179	589	551	669	1
92	105	524	592	1
174	621	544	630	1
489	534	547	681	1
106	592	132	659	1
526	528	497	654	1
243	616	587	655	1
189	190	162	583	1
643	635	654	683	1
208	514	222	653	1
501	537	558	666	1
351	311	329	557	1
420	393	412	566	1
136	109	554	628	1
544	630	621	640	1
556	592	510	659	1
495	594	571	631	1
504	574	538	669	1
488	516	578	615	1
503	520	607	680	1
517	565	261	598	1
322	565	517	597	1
307	308	306	620	1
643	654	652	683	1
492	598	517	601	1
222	569	514	613	1
532	533	647	651	1
242	587	604	655	1
179	551	599	669	1
207	165	402	522	1
424	452	451	623	1
509	585	530	673	1
447	549	444	582	1
558	594	584	666	1
254	575	515	656	1
507	545	606	666	1
498	530	529	648	1
462	423	343	637	1
471	573	515	594	1
296	332	344	520	1
362	140	99	531	1
302	292	301	519	1
574	195	599	669	1
409	381	383	588	1
515	575	631	656	1
580	598	236	624	1
564	619	123	657	1
542	544	497	640	1
529	530	498	651	1
490	520	519	645	1
417	379	398	578	1
535	540	498	620	1
515	594	495	631	1
463	427	333	571	1
295	333	427	571	1
403	365	419	516	1
103	157	139	517	1
410	396	359	520	1
357	366	367	564	1
130	609	523	618	1
490	532	530	676	1
163	205	273	577	1
612	647	545	651	1
495	610	573	656	1
391	641	514	653	1
490	671	532	676	1
189	522	583	662	1
518	591	493	602	1
515	571	594	631	1
192	518	574	599	1
501	545	537	666	1
525	526	500	646	1
95	123	564	619	1
582	596	482	637	1
127	524	523	577	1
515	573	285	656	1
498	586	557	620	1
238	236	598	624	1
493	591	518	669	1
465	438	441	625	1
289	275	518	682	1
208	222	514	613	1
471	658	515	677	1
504	553	538	642	1
501	547	534	652	1
391	412	393	581	1
423	596	293	637	1
187	592	171	630	1
385	531	395	619	1
320	305	597	617	1
492	597	579	601	1
392	391	514	653	1
579	597	540	617	1
409	383	522	588	1
456	574	518	591	1
170	171	592	630	1
374	593	607	675	1
489	527	534	681	1
266	231	279	521	1
487	545	529	643	1
293	343	423	637	1
215	574	195	595	1
536	671	490	678	1
515	658	341	677	1
164	198	464	569	1
320	597	579	617	1
404	359	338	576	1
538	591	574	642	1
309	308	586	620	1
514	489	562	581	1
318	519	301	576	1
537	545	501	652	1
436	434	591	642	1
490	536	678	680	1
402	165	361	522	1
531	490	671	678	1
522	588	494	590	1
405	419	365	516	1
504	569	553	642	1
99	619	531	674	1
492	597	517	598	1
518	570	456	591	1
493	561	602	611	1
562	623	513	638	1
298	327	326	516	1
212	163	199	521	1
431	516	485	637	1
495	558	537	666	1
547	606	545	652	1
504	534	669	683	1
482	596	423	637	1
446	571	484	596	1
270	616	565	629	1
545	487	647	652	1
337	565	614	629	1
520	531	519	576	1
387	520	359	576	1
533	487	647	651	1
493	599	518	602	1
376	581	550	667	1
130	523	131	618	1
412	376	420	667	1
143	531	140	576	1
181	204	203	590	1
491	523	521	661	1
489	581	550	634	1
471	594	515	658	1
536	680	490	684	1
574	591	434	642	1
533	646	487	651	1
138	96	228	577	1
557	572	311	586	1
228	523	259	577	1
136	112	109	628	1
98	134	330	579	1
581	667	566	672	1
296	520	318	576	1
257	258	228	523	1
163	273	231	577	1
164	464	426	569	1
460	591	570	633	1
407	401	607	626	1
242	587	561	604	1
501	549	547	606	1
545	639	529	643	1
488	559	615	663	1
114	552	585	601	1
523	524	521	577	1
303	600	302	617	1
320	600	303	617	1
544	542	630	640	1
489	634	550	681	1
337	565	597	614	1
293	596	572	637	1
499	533	527	647	1
517	598	580	601	1
492	529	525	673	1
517	580	142	601	1
549	584	501	625	1
337	565	345	597	1
471	486	594	658	1
184	163	521	577	1
563	587	243	616	1
351	311	557	572	1
521	524	491	665	1
493	518	599	669	1
503	680	607	684	1
95	123	124	564	1
280	565	270	598	1
270	598	565	616	1
603	645	520	680	1
168	184	169	577	1
446	449	484	571	1
259	521	231	577	1
492	530	529	673	1
490	531	520	678	1
517	597	492	601	1
338	359	296	576	1
142	157	103	517	1
545	647	487	651	1
509	600	519	632	1
275	289	518	602	1
561	604	587	655	1
363	641	391	653	1
508	618	552	668	1
137	153	600	632	1
310	309	308	586	1
554	500	627	628	1
525	529	496	643	1
352	571	314	596	1
335	311	572	586	1
289	570	518	602	1
535	306	617	620	1
367	368	619	622	1
489	581	514	672	1
488	547	549	606	1
368	385	619	622	1
221	215	595	670	1
261	234	271	517	1
455	514	641	653	1
572	586	507	596	1
529	639	648	664	1
261	580	517	598	1
123	125	564	657	1
635	669	534	683	1
486	658	471	677	1
560	586	312	631	1
322	340	323	517	1
388	362	387	576	1
534	652	487	654	1
522	556	494	564	1
556	564	522	583	1
534	635	504	669	1
587	616	563	655	1
320	579	600	617	1
341	658	354	677	1
537	639	545	643	1
574	591	538	669	1
529	648	492	664	1
446	449	571	594	1
499	671	536	675	1
184	524	169	577	1
506	639	563	664	1
446	484	483	596	1
428	472	469	578	1
472	485	431	516	1
299	318	301	576	1
201	223	551	605	1
143	99	140	531	1
500	585	555	628	1
495	537	545	666	1
309	586	560	620	1
497	534	527	654	1
438	625	553	642	1
530	673	585	676	1
228	259	260	577	1
487	533	526	646	1
96	127	523	577	1
456	467	518	682	1
494	527	649	660	1
155	117	579	601	1
280	261	565	598	1
512	619	564	657	1
374	593	559	607	1
501	606	547	652	1
526	533	500	646	1
517	579	322	597	1
374	607	400	675	1
536	671	546	675	1
510	544	630	662	1
345	565	322	597	1
548	489	613	672	1
192	518	193	682	1
362	531	387	576	1
101	104	127	577	1
327	326	516	637	1
490	532	671	684	1
531	512	671	674	1
544	621	497	640	1
529	643	525	646	1
460	570	481	633	1
518	570	591	602	1
243	269	616	655	1
481	633	570	644	1
504	669	538	683	1
494	588	546	660	1
424	562	452	623	1
562	581	513	623	1
461	569	595	642	1
203	590	544	621	1
341	515	631	658	1
92	105	104	524	1
536	622	546	671	1
513	623	581	634	1
115	112	555	585	1
341	631	354	658	1
159	169	170	524	1
491	543	618	668	1
293	572	328	637	1
546	622	536	675	1
181	204	590	650	1
104	524	127	577	1
488	547	606	612	1
318	576	520	645	1
504	635	589	669	1
230	280	261	565	1
572	596	582	637	1
353	352	314	596	1
387	520	576	678	1
482	423	462	637	1
285	515	254	677	1
473	538	436	591	1
345	294	322	565	1
117	155	579	600	1
559	607	675	684	1
559	607	593	675	1
210	608	590	650	1
454	562	553	638	1
487	529	545	651	1
391	581	514	641	1
498	545	529	651	1
106	105	592	659	1
518	591	574	669	1
304	307	306	535	1
521	184	577	665	1
215	195	221	595	1
318	519	576	645	1
259	521	577	661	1
251	604	277	636	1
495	545	537	639	1
311	308	557	586	1
537	643	545	652	1
538	553	501	625	1
241	242	604	655	1
286	268	610	644	1
318	296	344	520	1
455	562	453	641	1
500	554	543	628	1
157	579	517	601	1
522	590	494	662	1
419	516	405	615	1
304	535	306	617	1
487	545	643	652	1
334	329	311	557	1
493	538	591	669	1
500	585	673	676	1
395	385	362	531	1
463	571	333	596	1
372	588	382	667	1
109	554	628	659	1
157	517	142	601	1
236	609	580	624	1
326	351	572	637	1
239	258	624	661	1
444	549	441	584	1
490	520	645	680	1
442	443	446	584	1
352	314	571	631	1
534	652	654	683	1
387	410	359	520	1
175	174	172	542	1
484	571	463	596	1
174	203	173	544	1
643	652	537	683	1
259	577	523	661	1
172	630	170	665	1
517	597	565	598	1
385	622	370	678	1
155	120	117	601	1
532	490	680	684	1
145	619	99	674	1
174	630	542	640	1
177	176	589	640	1
334	557	308	603	1
559	675	593	684	1
499	550	660	675	1
419	578	516	615	1
424	453	562	623	1
522	494	556	662	1
562	623	453	641	1
445	444	447	549	1
544	494	590	662	1
286	610	573	644	1
487	643	529	646	1
318	520	344	645	1
204	210	200	590	1
172	542	174	630	1
105	144	127	524	1
460	481	591	633	1
543	110	618	628	1
304	617	302	645	1
305	617	306	620	1
174	544	173	630	1
117	113	137	585	1
312	560	309	586	1
483	484	463	596	1
555	671	512	674	1
305	540	617	620	1
262	457	227	573	1
203	544	174	621	1
461	595	435	642	1
534	654	635	683	1
518	574	599	669	1
152	146	129	618	1
177	589	621	640	1
539	624	541	655	1
370	622	536	678	1
293	335	572	596	1
486	471	432	677	1
210	200	590	608	1
321	305	540	597	1
554	556	510	659	1
175	174	542	640	1
289	233	275	682	1
279	231	259	521	1
392	363	391	653	1
294	265	230	565	1
499	593	550	675	1
248	539	238	598	1
518	599	567	602	1
297	98	330	579	1
239	624	541	661	1
300	341	354	677	1
367	366	383	564	1
162	556	187	662	1
563	655	616	664	1
212	184	163	521	1
304	535	617	645	1
318	302	519	645	1
535	617	540	620	1
399	372	382	667	1
96	138	127	577	1
285	254	515	656	1
172	542	630	665	1
136	554	125	657	1
473	436	434	591	1
528	643	635	654	1
410	520	387	678	1
286	287	268	644	1
294	331	265	565	1
130	129	609	618	1
111	112	585	628	1
264	425	229	570	1
124	125	126	564	1
517	579	597	601	1
333	571	352	596	1
523	609	508	618	1
176	551	179	589	1
336	540	305	620	1
469	472	431	516	1
131	130	96	523	1
110	543	107	628	1
524	577	184	665	1
502	660	527	672	1
358	390	476	641	1
115	113	112	585	1
288	570	602	611	1
439	436	538	625	1
546	622	512	671	1
434	595	574	642	1
530	646	529	673	1
525	529	646	673	1
358	424	623	641	1
565	616	506	629	1
279	521	259	661	1
490	678	520	680	1
207	189	522	583	1
506	614	565	629	1
496	655	563	664	1
111	114	552	585	1
186	209	605	636	1
421	158	433	574	1
269	238	539	655	1
309	560	614	620	1
241	541	239	655	1
495	610	563	679	1
433	158	191	574	1
109	110	107	628	1
383	402	522	583	1
454	553	465	638	1
444	582	549	584	1
527	489	672	681	1
265	270	565	629	1
225	263	211	567	1
312	315	313	560	1
563	610	495	656	1
176	551	589	640	1
464	569	198	595	1
466	582	442	584	1
443	440	558	584	1
509	600	579	617	1
201	209	223	605	1
328	572	351	637	1
337	331	565	629	1
378	559	377	615	1
330	98	31	134	1
424	453	623	641	1
311	310	308	586	1
407	396	401	626	1
358	476	424	641	1
321	540	336	614	1
455	641	429	653	1
111	585	552	628	1
326	328	351	637	1
496	587	563	655	1
175	605	542	665	1
184	205	163	577	1
527	672	660	681	1
353	333	352	596	1
444	442	582	584	1
286	573	227	644	1
184	521	212	665	1
248	269	539	616	1
484	427	463	571	1
336	305	306	620	1
481	458	633	644	1
387	576	531	678	1
330	579	134	600	1
246	256	267	561	1
536	512	622	671	1
456	570	460	591	1
156	133	153	519	1
310	312	309	586	1
307	535	316	603	1
328	293	335	572	1
115	585	555	632	1
455	454	453	562	1
439	438	436	625	1
488	549	582	606	1
543	628	618	668	1
532	647	612	651	1
160	196	408	566	1
309	560	313	614	1
124	123	125	564	1
561	587	496	655	1
352	319	314	631	1
439	538	473	633	1
490	645	535	680	1
259	231	273	577	1
536	607	400	678	1
580	609	508	624	1
381	372	546	588	1
490	671	536	684	1
548	504	589	670	1
278	616	270	629	1
572	582	516	637	1
553	625	538	642	1
520	576	519	645	1
203	188	544	590	1
315	560	312	631	1
321	597	540	614	1
237	609	236	624	1
220	595	569	670	1
523	577	521	661	1
178	177	176	589	1
181	177	180	621	1
438	553	437	642	1
538	591	473	633	1
387	359	404	576	1
369	546	372	675	1
352	333	295	571	1
541	604	241	661	1
248	539	598	616	1
198	464	38	164	1
447	444	448	582	1
495	639	537	679	1
514	581	566	672	1
185	605	175	665	1
237	258	609	624	1
337	614	342	629	1
210	590	204	650	1
240	241	239	655	1
316	603	535	645	1
109	108	554	659	1
207	189	165	522	1
400	536	370	675	1
181	180	548	621	1
443	558	450	594	1
338	296	318	576	1
113	111	112	585	1
153	119	156	519	1
499	536	671	684	1
466	444	442	582	1
434	435	595	642	1
379	578	417	663	1
192	574	195	599	1
450	443	475	558	1
531	619	512	674	1
301	318	302	519	1
125	132	126	556	1
222	202	569	613	1
256	561	246	602	1
361	383	402	522	1
424	453	452	562	1
295	571	427	658	1
269	240	238	655	1
449	571	594	658	1
146	114	121	552	1
152	110	146	618	1
96	127	131	523	1
179	551	223	599	1
287	250	268	611	1
252	245	247	563	1
287	286	227	644	1
97	126	132	556	1
321	320	305	597	1
121	552	114	601	1
411	418	634	663	1
248	238	236	598	1
164	220	198	569	1
426	38	464	164	1
437	465	454	553	1
345	337	331	565	1
321	305	336	540	1
560	586	498	620	1
280	265	270	565	1
445	441	549	638	1
248	269	238	539	1
316	307	304	535	1
558	584	440	625	1
386	536	400	678	1
136	108	125	554	1
252	245	563	656	1
457	422	227	573	1
144	543	110	618	1
109	108	136	554	1
264	459	570	644	1
203	188	173	544	1
249	541	241	661	1
333	52	295	427	1
52	333	463	427	1
241	249	239	541	1
220	221	595	670	1
112	116	555	657	1
115	632	555	674	1
386	400	607	678	1
446	443	449	594	1
161	225	211	567	1
372	369	381	546	1
180	177	178	589	1
421	158	574	595	1
370	400	386	536	1
374	559	378	607	1
539	616	269	655	1
448	582	482	637	1
458	422	573	644	1
115	118	632	674	1
117	114	113	585	1
213	590	522	662	1
378	377	380	615	1
181	621	548	650	1
439	436	473	538	1
285	262	286	573	1
501	545	606	652	1
93	129	580	609	1
249	241	604	661	1
337	597	321	614	1
521	577	524	665	1
437	438	465	553	1
153	154	137	600	1
441	444	445	549	1
117	154	155	600	1
442	444	441	584	1
107	110	144	543	1
209	161	223	636	1
241	604	541	655	1
256	275	567	602	1
538	669	493	683	1
481	570	459	644	1
376	373	550	593	1
531	576	520	678	1
115	112	116	555	1
195	574	158	595	1
248	598	270	616	1
160	408	355	566	1
80	230	294	265	1
145	122	619	674	1
400	607	536	675	1
288	602	255	611	1
460	456	425	570	1
308	334	311	557	1
376	593	550	634	1
163	73	266	231	1
449	594	486	658	1
503	532	680	684	1
264	229	288	570	1
267	242	561	604	1
111	113	114	585	1
259	523	258	661	1
191	195	192	574	1
221	182	215	670	1
369	372	371	675	1
165	200	66	361	1
426	461	455	569	1
111	552	146	628	1
227	286	262	573	1
460	459	481	570	1
238	624	539	655	1
481	473	591	633	1
294	331	80	265	1
304	316	535	645	1
543	628	554	659	1
239	541	624	655	1
222	202	220	569	1
466	482	582	596	1
213	522	189	662	1
220	182	221	670	1
358	398	411	623	1
130	152	129	618	1
411	379	418	663	1
201	223	179	551	1
106	135	132	592	1
292	94	33	301	1
301	94	33	133	1
98	155	134	579	1
159	92	19	104	1
199	73	266	163	1
461	569	464	595	1
201	551	176	640	1
498	557	586	612	1
332	359	296	87	1
335	310	311	586	1
325	356	389	568	1
198	569	220	595	1
475	558	440	625	1
529	646	530	651	1
315	341	575	631	1
487	646	529	651	1
247	563	243	616	1
397	66	200	361	1
441	440	584	625	1
459	425	264	570	1
239	541	249	661	1
360	417	398	578	1
316	317	603	645	1
550	667	581	672	1
114	117	120	601	1
422	227	573	644	1
87	332	359	396	1
417	578	384	663	1
460	481	473	591	1
616	655	539	664	1
222	220	164	569	1
176	201	179	551	1
261	236	580	598	1
399	376	373	550	1
195	158	221	595	1
135	17	162	197	1
370	536	386	678	1
495	563	639	679	1
316	344	317	645	1
226	93	128	580	1
351	335	311	572	1
253	285	573	656	1
550	634	593	681	1
297	98	31	330	1
145	99	122	674	1
574	595	504	642	1
504	595	569	642	1
121	142	580	601	1
184	170	524	665	1
337	345	321	597	1
258	259	228	523	1
34	133	102	299	1
226	128	235	580	1
443	442	440	584	1
176	179	178	589	1
475	558	625	633	1
371	400	370	675	1
188	173	544	662	1
188	544	590	662	1
548	589	180	670	1
274	291	324	575	1
456	434	574	591	1
409	383	361	522	1
248	280	270	598	1
161	567	223	636	1
457	48	232	262	1
570	633	511	644	1
502	590	588	608	1
185	186	605	665	1
162	97	17	135	1
448	482	485	637	1
133	34	301	299	1
552	585	500	628	1
407	568	356	626	1
555	585	500	676	1
115	555	116	674	1
165	189	213	522	1
167	208	222	653	1
457	227	47	262	1
179	214	195	599	1
489	550	581	672	1
253	285	286	573	1
288	255	250	611	1
313	309	312	560	1
250	611	287	644	1
288	229	289	570	1
356	325	290	568	1
134	579	155	600	1
376	550	581	634	1
119	519	153	632	1
98	157	155	579	1
180	181	548	650	1
148	217	168	577	1
225	277	567	636	1
187	197	171	592	1
369	622	546	675	1
374	377	559	593	1
113	137	585	632	1
380	405	568	615	1
224	291	274	575	1
159	170	171	592	1
363	429	641	653	1
497	551	589	635	1
347	299	151	576	1
154	153	94	600	1
154	134	155	600	1
536	622	370	675	1
500	585	552	673	1
322	579	320	597	1
314	310	335	586	1
590	608	502	650	1
548	589	497	621	1
317	346	603	626	1
187	630	173	662	1
291	342	575	629	1
331	265	565	629	1
246	561	242	587	1
54	343	462	423	1
151	388	415	576	1
310	314	312	586	1
164	426	37	206	1
184	170	169	524	1
99	531	118	674	1
168	101	148	577	1
341	324	315	575	1
113	585	115	632	1
461	464	435	595	1
399	376	550	667	1
385	387	531	678	1
185	212	186	665	1
283	148	260	577	1
389	380	405	568	1
251	277	266	636	1
610	611	511	644	1
201	605	551	640	1
251	249	604	661	1
320	579	330	600	1
191	166	41	433	1
244	587	245	610	1
168	169	20	101	1
223	567	194	599	1
173	630	544	662	1
443	440	475	558	1
497	589	551	640	1
357	367	368	619	1
368	385	395	619	1
183	208	566	613	1
179	223	214	599	1
40	433	421	158	1
493	599	551	669	1
433	40	191	158	1
415	347	151	576	1
278	224	575	629	1
283	217	148	577	1
569	613	202	670	1
220	569	202	670	1
343	293	328	637	1
245	243	563	587	1
245	587	563	610	1
235	261	236	580	1
441	440	442	584	1
424	476	453	641	1
232	432	48	457	1
343	54	293	423	1
419	384	578	615	1
434	421	574	595	1
371	372	373	675	1
244	587	610	611	1
407	380	356	568	1
495	594	558	666	1
507	582	572	596	1
315	291	342	575	1
118	99	143	531	1
593	675	499	684	1
456	434	433	574	1
225	277	256	567	1
360	419	417	578	1
244	610	268	611	1
232	285	254	677	1
514	566	613	672	1
189	162	187	662	1
146	111	114	552	1
386	607	401	678	1
325	326	329	568	1
660	672	550	681	1
239	624	240	655	1
377	378	374	559	1
536	675	607	684	1
303	292	302	600	1
320	330	303	600	1
559	593	377	663	1
267	242	246	561	1
263	256	275	567	1
385	387	362	531	1
206	426	37	470	1
19	159	104	169	1
283	205	217	577	1
191	158	195	574	1
496	587	561	679	1
238	240	624	655	1
578	615	384	663	1
497	527	649	654	1
246	561	587	611	1
183	208	196	566	1
92	106	105	592	1
430	41	166	433	1
242	241	240	655	1
226	93	580	609	1
382	409	397	588	1
415	338	347	576	1
499	647	527	681	1
471	450	573	594	1
215	182	178	670	1
390	363	476	641	1
180	548	613	650	1
334	308	307	603	1
151	140	388	576	1
251	279	249	661	1
105	127	104	524	1
115	118	119	632	1
260	148	138	577	1
376	375	593	634	1
490	555	671	676	1
97	16	141	162	1
376	375	373	593	1
269	243	240	655	1
355	566	420	667	1
98	30	139	297	1
464	461	426	569	1
398	60	474	358	1
297	320	322	579	1
138	228	23	260	1
221	198	220	595	1
215	178	179	589	1
190	141	16	162	1
481	459	458	644	1
192	193	166	682	1
205	283	273	577	1
252	575	254	656	1
263	76	211	193	1
371	374	400	675	1
392	408	69	196	1
501	584	558	625	1
110	111	146	628	1
501	584	549	606	1
406	382	608	667	1
122	657	619	674	1
151	299	102	576	1
186	199	209	636	1
286	253	573	610	1
252	278	224	575	1
93	129	121	580	1
419	384	417	578	1
415	404	338	576	1
312	314	319	631	1
382	588	397	608	1
122	123	619	657	1
588	608	382	667	1
354	319	352	658	1
475	625	439	633	1
497	621	589	640	1
265	278	270	629	1
309	614	336	620	1
457	47	227	422	1
128	226	26	93	1
499	660	546	675	1
389	90	325	298	1
243	247	245	563	1
451	452	445	638	1
558	584	501	666	1
90	389	365	298	1
252	274	254	575	1
128	26	226	235	1
200	213	204	590	1
454	452	562	638	1
475	440	439	625	1
471	486	449	594	1
355	608	566	667	1
234	27	103	128	1
324	276	83	274	1
512	555	627	671	1
323	139	30	297	1
356	89	325	389	1
192	195	214	599	1
215	178	589	670	1
160	566	608	650	1
502	548	650	672	1
337	342	331	629	1
545	501	606	666	1
429	476	363	641	1
424	474	60	358	1
458	422	450	573	1
582	584	507	606	1
108	106	132	659	1
185	186	175	605	1
290	329	346	626	1
398	59	360	474	1
411	418	623	634	1
83	300	276	324	1
169	104	20	101	1
253	573	610	656	1
250	244	268	611	1
573	610	511	644	1
44	229	425	272	1
336	614	540	620	1
500	668	525	673	1
102	156	143	576	1
439	473	481	633	1
120	157	142	601	1
160	608	210	650	1
496	529	639	643	1
434	435	421	595	1
185	172	170	665	1
500	646	533	676	1
381	382	372	588	1
385	370	386	678	1
527	660	499	681	1
427	571	484	658	1
559	593	499	684	1
497	649	526	654	1
549	584	582	606	1
352	571	295	658	1
425	229	45	264	1
205	72	163	273	1
165	402	65	207	1
359	338	86	404	1
82	324	274	291	1
264	570	288	644	1
439	625	538	633	1
401	386	400	607	1
354	631	319	658	1
178	180	589	670	1
238	237	236	624	1
371	622	369	675	1
239	249	258	661	1
271	340	79	230	1
337	321	336	614	1
173	187	171	630	1
403	58	469	360	1
62	476	390	363	1
302	304	303	617	1
211	194	161	567	1
243	587	242	655	1
171	170	172	630	1
423	463	53	596	1
320	303	305	617	1
374	378	400	607	1
364	13	100	147	1
333	53	463	596	1
236	226	580	609	1
248	270	269	616	1
497	621	544	649	1
386	401	410	678	1
309	313	336	614	1
290	568	329	626	1
161	194	223	567	1
371	370	622	675	1
211	225	75	263	1
121	142	128	580	1
237	239	258	624	1
175	542	605	640	1
525	646	500	673	1
455	453	429	641	1
160	408	196	68	1
552	628	500	668	1
304	302	316	645	1
243	242	240	655	1
498	560	620	648	1
543	500	628	668	1
177	621	174	640	1
128	234	27	235	1
203	204	188	590	1
152	130	131	618	1
496	539	655	664	1
356	89	290	325	1
501	537	652	683	1
247	243	269	616	1
354	658	339	677	1
468	658	486	677	1
274	224	82	291	1
613	650	548	672	1
246	587	244	611	1
354	352	295	658	1
486	427	484	658	1
246	242	244	587	1
511	611	570	644	1
393	355	408	566	1
367	369	368	622	1
498	612	545	651	1
368	370	385	622	1
160	183	566	650	1
294	345	331	565	1
515	594	571	658	1
501	652	534	683	1
466	483	482	596	1
230	265	280	565	1
356	568	290	626	1
251	249	241	604	1
374	375	377	593	1
317	307	316	603	1
428	474	451	578	1
376	581	394	634	1
528	635	497	654	1
399	420	376	667	1
393	420	355	566	1
267	241	242	604	1
275	255	289	602	1
402	165	65	361	1
338	359	86	296	1
245	610	563	656	1
355	420	406	667	1
72	231	163	273	1
176	177	174	640	1
340	79	230	294	1
496	563	587	679	1
180	613	548	670	1
245	244	243	587	1
498	532	612	651	1
225	567	161	636	1
371	373	374	593	1
569	595	504	670	1
224	291	575	629	1
496	537	639	679	1
428	360	59	474	1
550	593	499	681	1
225	75	161	211	1
476	62	429	363	1
115	116	118	674	1
68	160	408	355	1
13	364	366	147	1
514	581	562	641	1
493	669	635	683	1
464	198	39	595	1
496	639	537	643	1
377	593	375	663	1
355	160	566	608	1
371	373	593	675	1
371	593	374	675	1
343	55	462	637	1
496	639	529	664	1
76	263	233	193	1
69	167	392	196	1
355	406	608	667	1
354	339	300	677	1
468	486	432	677	1
497	635	534	654	1
457	471	450	573	1
533	627	500	676	1
467	44	425	272	1
96	228	23	138	1
540	498	620	648	1
421	464	39	595	1
445	465	441	638	1
53	293	423	596	1
160	210	183	650	1
434	421	433	574	1
588	660	502	667	1
289	272	233	682	1
390	61	358	476	1
589	635	551	669	1
246	602	561	611	1
499	547	647	681	1
506	614	560	648	1
499	660	550	681	1
451	447	428	578	1
438	437	436	642	1
205	184	168	577	1
188	590	213	662	1
53	333	293	596	1
500	552	668	673	1
394	376	412	581	1
39	198	158	595	1
158	421	39	595	1
456	430	467	682	1
496	639	563	679	1
379	417	384	663	1
360	58	469	428	1
180	613	183	650	1
424	358	61	476	1
555	657	116	674	1
18	92	159	592	1
536	499	675	684	1
503	607	559	684	1
584	606	501	666	1
112	136	116	657	1
619	657	512	674	1
404	388	387	576	1
32	94	292	600	1
32	330	134	600	1
197	135	18	592	1
329	290	325	568	1
293	353	335	596	1
416	167	216	653	1
273	260	259	577	1
152	144	110	618	1
627	671	555	676	1
276	232	254	677	1
478	363	416	653	1
394	581	391	641	1
127	138	101	577	1
18	159	197	592	1
376	394	418	634	1
32	134	94	600	1
299	338	318	576	1
389	356	380	568	1
24	228	96	257	1
351	328	335	572	1
175	605	201	640	1
123	136	125	657	1
566	650	613	672	1
610	611	587	679	1
423	482	483	596	1
581	623	394	634	1
317	332	346	626	1
315	324	291	575	1
371	370	369	622	1
453	454	452	562	1
454	465	452	638	1
207	190	189	583	1
413	364	149	583	1
45	459	425	264	1
96	130	24	257	1
383	364	402	583	1
343	327	55	637	1
377	615	559	663	1
175	201	176	640	1
135	92	18	592	1
502	550	660	672	1
388	9	362	140	1
177	181	203	621	1
105	106	107	659	1
429	363	478	653	1
472	428	447	578	1
225	256	263	567	1
487	652	643	654	1
32	292	330	600	1
416	392	167	653	1
141	190	149	583	1
482	462	485	637	1
219	149	190	583	1
160	183	196	566	1
431	462	55	637	1
223	194	214	599	1
305	304	306	617	1
297	330	320	579	1
143	140	102	576	1
496	563	639	664	1
149	364	100	583	1
394	623	581	641	1
219	402	413	583	1
506	563	616	664	1
208	202	222	613	1
461	435	437	642	1
500	627	555	676	1
550	502	660	667	1
550	672	489	681	1
571	631	515	658	1
239	238	240	624	1
236	237	226	609	1
168	217	205	577	1
214	194	192	599	1
493	551	635	669	1
512	627	555	657	1
614	620	560	648	1
394	412	391	581	1
99	362	9	140	1
535	645	603	680	1
384	419	405	615	1
237	258	257	609	1
235	236	226	580	1
550	502	667	672	1
274	252	224	575	1
172	174	173	630	1
402	219	207	583	1
406	382	397	608	1
141	100	126	583	1
388	404	415	576	1
299	347	338	576	1
434	436	435	642	1
418	394	623	634	1
273	283	260	577	1
341	319	354	631	1
113	115	137	632	1
177	203	174	621	1
431	55	327	637	1
566	667	502	672	1
138	148	101	577	1
188	213	189	662	1
109	107	108	659	1
563	610	587	679	1
429	470	455	653	1
130	25	257	609	1
226	257	25	609	1
502	608	588	667	1
93	226	25	609	1
396	88	332	626	1
395	11	357	619	1
375	634	418	663	1
255	602	246	611	1
566	608	502	667	1
587	611	561	679	1
121	128	93	580	1
397	200	67	608	1
232	284	479	677	1
466	448	444	582	1
422	46	227	644	1
502	650	566	672	1
512	657	555	674	1
502	608	566	650	1
281	218	77	682	1
450	422	457	573	1
250	287	288	644	1
416	216	167	70	1
122	99	118	674	1
122	116	657	674	1
268	244	245	610	1
183	613	566	650	1
77	218	193	682	1
181	210	204	650	1
151	102	140	576	1
256	255	275	602	1
255	246	250	611	1
46	264	227	644	1
432	232	479	677	1
160	67	200	608	1
95	122	123	619	1
395	145	11	619	1
88	396	356	626	1
327	328	326	637	1
339	468	348	677	1
425	459	460	570	1
219	413	149	583	1
178	182	180	670	1
281	77	233	682	1
121	120	142	601	1
180	183	181	650	1
261	248	236	598	1
357	11	95	619	1
321	322	320	597	1
120	121	114	601	1
130	129	93	609	1
70	167	416	392	1
382	381	409	588	1
479	232	49	284	1
309	306	308	620	1
116	123	122	657	1
317	346	334	603	1
77	193	233	682	1
375	418	379	663	1
166	218	430	682	1
355	67	160	608	1
184	185	170	665	1
593	634	375	663	1
331	81	265	629	1
166	218	42	430	1
130	93	25	609	1
441	438	440	625	1
416	63	363	478	1
449	443	450	594	1
232	49	432	479	1
540	620	614	648	1
363	392	416	653	1
21	168	148	217	1
471	449	450	594	1
255	256	246	602	1
339	468	50	348	1
74	199	266	636	1
350	298	91	414	1
151	347	35	299	1
249	259	258	661	1
206	167	222	653	1
479	348	468	677	1
264	288	287	644	1
318	344	316	645	1
112	111	109	628	1
456	473	434	591	1
281	272	477	682	1
267	277	251	604	1
144	152	131	618	1
21	168	101	148	1
363	390	391	641	1
286	268	253	610	1
466	482	448	582	1
175	176	174	640	1
511	611	610	679	1
429	363	63	478	1
477	430	218	682	1
88	356	290	626	1
365	91	298	414	1
202	613	180	670	1
253	610	245	656	1
385	386	387	678	1
190	15	141	149	1
171	197	159	592	1
477	42	218	430	1
149	190	15	219	1
415	8	388	151	1
148	260	22	283	1
348	276	300	677	1
160	200	210	608	1
453	476	429	641	1
384	615	377	663	1
284	276	348	677	1
279	259	249	661	1
188	187	173	662	1
213	188	204	590	1
145	95	11	619	1
394	391	390	641	1
46	459	264	644	1
318	316	302	645	1
507	606	584	666	1
185	184	212	665	1
88	290	332	626	1
206	470	478	653	1
477	281	43	272	1
478	216	36	206	1
57	480	414	403	1
479	50	468	348	1
581	623	562	641	1
206	36	478	470	1
206	478	216	653	1
397	67	355	608	1
106	92	135	592	1
477	272	467	682	1
315	319	341	631	1
345	322	321	597	1
280	248	261	598	1
14	149	413	364	1
396	407	356	626	1
313	342	337	614	1
401	378	407	607	1
368	395	357	619	1
150	282	28	234	1
303	330	292	600	1
339	658	468	677	1
149	14	100	364	1
283	205	71	217	1
140	388	8	151	1
319	315	312	631	1
81	291	224	629	1
349	271	78	282	1
219	402	64	413	1
415	338	85	347	1
103	150	28	234	1
278	247	270	616	1
260	148	22	138	1
427	51	295	658	1
244	242	243	587	1
309	336	306	620	1
102	151	35	299	1
180	202	183	613	1
74	225	161	636	1
421	435	464	595	1
81	224	265	629	1
458	475	481	633	1
331	291	81	629	1
46	422	459	644	1
220	202	182	670	1
386	410	387	678	1
205	283	71	273	1
271	349	78	340	1
402	219	64	207	1
338	415	85	404	1
467	477	43	272	1
377	384	380	615	1
480	57	469	403	1
186	209	201	605	1
423	483	463	596	1
74	266	225	636	1
376	418	375	634	1
473	456	460	591	1
331	81	80	265	1
380	384	405	615	1
266	74	73	199	1
74	161	199	636	1
427	468	51	658	1
245	253	268	610	1
51	339	295	658	1
66	67	397	200	1
51	468	339	658	1
87	88	332	396	1
533	671	627	676	1
399	382	406	667	1
303	304	305	617	1
141	149	100	583	1
252	253	245	656	1
137	119	153	632	1
431	327	56	350	1
348	284	84	276	1
485	462	431	637	1
237	238	239	624	1
480	431	56	350	1
293	333	353	596	1
33	32	94	292	1
330	31	32	134	1
368	369	370	622	1
173	171	172	630	1
183	202	208	613	1
300	348	84	276	1
92	19	18	159	1
458	459	422	644	1
475	439	481	633	1
48	49	432	232	1
411	418	394	623	1
135	18	17	197	1
285	253	254	656	1
246	244	250	611	1
379	384	377	663	1
413	402	364	583	1
110	109	111	628	1
189	187	188	662	1
115	119	137	632	1
440	438	439	625	1
207	219	190	583	1
182	202	180	670	1
54	53	293	423	1
374	373	375	593	1
416	216	478	653	1
257	226	237	609	1
267	251	241	604	1
193	233	76	77	1
392	70	167	69	1
94	134	154	600	1
317	334	307	603	1
158	198	221	595	1
37	38	426	164	1
90	365	91	298	1
252	254	253	656	1
38	39	464	198	1
175	186	201	605	1
295	52	51	427	1
357	11	12	95	1
411	394	358	623	1
465	445	452	638	1
45	46	459	264	1
130	25	24	257	1
103	28	27	234	1
313	337	336	614	1
42	41	166	430	1
227	264	287	644	1
277	225	266	636	1
400	378	401	607	1
106	108	107	659	1
333	53	52	463	1
270	247	269	616	1
161	75	225	74	1
355	68	160	67	1
265	224	278	629	1
168	20	21	101	1
39	40	421	158	1
33	34	301	133	1
291	331	342	629	1
209	199	161	636	1
62	429	363	63	1
343	328	327	637	1
379	377	375	663	1
41	40	191	433	1
141	16	15	190	1
435	436	437	642	1
47	46	227	422	1
25	26	226	93	1
100	14	13	364	1
479	284	348	677	1
218	166	193	682	1
97	17	16	162	1
35	34	102	299	1
218	281	477	682	1
59	58	360	428	1
31	30	98	297	1
3	415	347	151	1
282	0	349	150	1
7	480	350	414	1
1	148	283	217	1
218	281	5	477	1
216	4	416	478	1
2	149	219	413	1
348	479	6	284	1
429	478	470	653	1
90	325	89	389	1
84	300	276	83	1
79	230	294	80	1
359	86	296	87	1
327	56	55	431	1
138	23	22	260	1
231	163	73	72	1
65	165	66	361	1
122	95	145	619	1
358	60	424	61	1
362	9	10	99	1
82	224	81	291	1
406	397	355	608	1
139	30	29	323	1
72	205	71	273	1
404	85	338	86	1
65	402	64	207	1
340	78	271	79	1
339	348	300	677	1
479	468	432	677	1
122	118	116	674	1
232	276	284	677	1
123	116	136	657	1
233	272	281	682	1
290	346	332	626	1
83	324	274	82	1
210	181	183	650	1
47	48	457	262	1
37	36	206	470	1
104	20	19	169	1
55	54	343	462	1
467	43	44	272	1
88	356	89	290	1
408	69	196	68	1
76	211	75	263	1
60	59	398	474	1
11	10	145	395	1
388	8	9	140	1
468	50	51	339	1
216	167	206	653	1
467	430	477	682	1
148	1	21	217	1
347	35	3	151	1
479	6	50	348	1
480	7	57	414	1
282	349	0	78	1
347	415	3	85	1
349	0	29	150	1
3	8	415	151	1
43	5	281	477	1
36	4	216	478	1
283	71	1	217	1
148	22	1	283	1
219	64	2	413	1
15	2	149	219	1
218	5	42	477	1
427	486	468	658	1
295	339	354	658	1
476	390	61	62	1
27	26	128	235	1
45	44	229	425	1
420	399	406	667	1
149	2	14	413	1
416	4	63	478	1
350	91	7	414	1
28	0	282	150	1
284	6	348	84	1
479	49	6	284	1
469	57	58	403	1
56	7	480	350	1
5	77	281	218	1
216	416	4	70	1
23	24	228	96	1
12	13	366	147	1
665	505	491	521	1
665	491	505	542	1
677	274	254	276	1
677	254	274	575	1
572	329	326	568	1
572	326	329	351	1
574	166	192	191	1
574	192	166	518	1
671	494	627	512	1
671	627	494	533	1
633	683	493	511	1
493	683	633	538	1
677	324	515	575	1
682	433	456	430	1
682	456	433	518	1
568	365	405	389	1
568	405	365	516	1
578	445	638	451	1
578	638	445	549	1
667	546	550	372	1
667	550	546	660	1
677	515	457	573	1
471	457	515	573	1
568	298	326	516	1
568	326	298	325	1
567	233	275	263	1
516	448	578	472	1
516	578	448	582	1
447	578	448	472	1
447	448	578	582	1
603	498	532	557	1
603	532	498	535	1
150	234	517	282	1
517	234	150	103	1
579	323	322	297	1
579	322	323	517	1
526	654	533	487	1
526	533	654	527	1
647	533	654	487	1
647	654	533	527	1
645	509	490	535	1
645	490	509	519	1
580	234	261	517	1
580	261	234	235	1
618	127	524	523	1
618	524	127	144	1
572	606	612	488	1
612	606	572	507	1
403	480	516	469	1
403	516	480	414	1
665	510	491	542	1
665	491	510	524	1
570	467	456	425	1
570	456	467	518	1
665	186	521	212	1
665	521	186	605	1
636	521	186	212	1
636	186	521	605	1
528	551	493	505	1
528	493	551	635	1
651	676	646	530	1
646	676	651	533	1
683	493	528	635	1
528	493	683	537	1
528	643	683	635	1
683	643	528	537	1
645	317	520	344	1
645	520	317	603	1
626	520	317	344	1
626	317	520	603	1
588	383	564	381	1
588	564	383	522	1
677	471	457	515	1
677	457	471	432	1
682	275	567	233	1
682	567	275	518	1
677	341	324	300	1
677	324	341	515	1
667	412	566	420	1
667	566	412	581	1
513	411	578	623	1
578	411	398	623	1
578	398	411	379	1
678	622	512	531	1
512	622	678	536	1
512	671	678	531	1
678	671	512	536	1
414	298	516	350	1
414	516	298	365	1
223	636	605	209	1
605	636	223	567	1
358	474	623	424	1
358	623	474	398	1
625	436	642	438	1
625	642	436	538	1
366	95	12	147	1
12	95	366	357	1
107	628	659	109	1
659	628	107	543	1
568	615	607	380	1
568	607	615	559	1
378	607	615	380	1
378	615	607	559	1
611	288	644	250	1
611	644	288	570	1
631	352	658	571	1
631	658	352	319	1
175	665	172	185	1
172	665	175	542	1
474	360	578	428	1
474	578	360	398	1
621	180	589	177	1
621	589	180	548	1
644	268	611	287	1
644	611	268	610	1
658	449	484	486	1
658	484	449	571	1
641	358	394	623	1
641	394	358	390	1
601	155	157	579	1
601	157	155	120	1
602	288	289	570	1
602	289	288	255	1
323	150	29	139	1
323	29	150	349	1
395	99	10	145	1
10	99	395	362	1
673	676	646	500	1
646	676	673	530	1
647	684	533	532	1
533	684	647	499	1
147	564	583	366	1
583	564	147	100	1
583	364	147	366	1
147	364	583	100	1
513	411	634	663	1
513	634	411	623	1
663	411	578	513	1
578	411	663	379	1
