360
0.00000000000000	0.00000000000000	0.00000000000000	0	
1.00000000000000	0.00000000000000	0.00000000000000	0	
1.00000000000000	1.00000000000000	0.00000000000000	0	
0.00000000000000	1.00000000000000	0.00000000000000	0	
0.12500000000000	0.87500000000000	0.00000000000000	0	
0.37500000000000	0.62500000000000	0.00000000000000	0	
0.12500000000000	0.12500000000000	0.00000000000000	0	
0.37500000000000	0.37500000000000	0.00000000000000	0	
0.62500000000000	0.62500000000000	0.00000000000000	0	
0.87500000000000	0.87500000000000	0.00000000000000	0	
0.62500000000000	0.37500000000000	0.00000000000000	0	
0.87500000000000	0.12500000000000	0.00000000000000	0	
0.00000000000000	0.00000000000000	1.00000000000000	0	
1.00000000000000	0.00000000000000	1.00000000000000	0	
1.00000000000000	1.00000000000000	1.00000000000000	0	
0.00000000000000	1.00000000000000	1.00000000000000	0	
0.12500000000000	0.87500000000000	1.00000000000000	0	
0.37500000000000	0.62500000000000	1.00000000000000	0	
0.62500000000000	0.62500000000000	1.00000000000000	0	
0.87500000000000	0.87500000000000	1.00000000000000	0	
0.12500000000000	0.12500000000000	1.00000000000000	0	
0.37500000000000	0.37500000000000	1.00000000000000	0	
0.62500000000000	0.37500000000000	1.00000000000000	0	
0.87500000000000	0.12500000000000	1.00000000000000	0	
0.24999999999941	0.00000000000000	0.00000000000000	0	
0.49999999999869	0.00000000000000	0.00000000000000	0	
0.74999999999934	0.00000000000000	0.00000000000000	0	
1.00000000000000	0.24999999999941	0.00000000000000	0	
1.00000000000000	0.49999999999869	0.00000000000000	0	
1.00000000000000	0.74999999999934	0.00000000000000	0	
0.75000000000035	1.00000000000000	0.00000000000000	0	
0.50000000000206	1.00000000000000	0.00000000000000	0	
0.25000000000104	1.00000000000000	0.00000000000000	0	
0.00000000000000	0.75000000000035	0.00000000000000	0	
0.00000000000000	0.50000000000206	0.00000000000000	0	
0.00000000000000	0.25000000000104	0.00000000000000	0	
0.20833333333345	0.79166666666655	0.00000000000000	0	
0.29166666666672	0.70833333333328	0.00000000000000	0	
0.20833333333356	0.20833333333356	0.00000000000000	0	
0.29166666666678	0.29166666666678	0.00000000000000	0	
0.70833333333310	0.29166666666690	0.00000000000000	0	
0.79166666666644	0.20833333333356	0.00000000000000	0	
0.70833333333333	0.70833333333333	0.00000000000000	0	
0.79166666666667	0.79166666666667	0.00000000000000	0	
0.24999999999941	0.00000000000000	1.00000000000000	0	
0.49999999999869	0.00000000000000	1.00000000000000	0	
0.74999999999934	0.00000000000000	1.00000000000000	0	
1.00000000000000	0.24999999999941	1.00000000000000	0	
1.00000000000000	0.49999999999869	1.00000000000000	0	
1.00000000000000	0.74999999999934	1.00000000000000	0	
0.75000000000035	1.00000000000000	1.00000000000000	0	
0.50000000000206	1.00000000000000	1.00000000000000	0	
0.25000000000104	1.00000000000000	1.00000000000000	0	
0.00000000000000	0.75000000000035	1.00000000000000	0	
0.00000000000000	0.50000000000206	1.00000000000000	0	
0.00000000000000	0.25000000000104	1.00000000000000	0	
0.00000000000000	0.00000000000000	0.24999999999941	0	
0.00000000000000	0.00000000000000	0.49999999999869	0	
0.00000000000000	0.00000000000000	0.74999999999934	0	
1.00000000000000	0.00000000000000	0.24999999999941	0	
1.00000000000000	0.00000000000000	0.49999999999869	0	
1.00000000000000	0.00000000000000	0.74999999999934	0	
1.00000000000000	1.00000000000000	0.24999999999941	0	
1.00000000000000	1.00000000000000	0.49999999999869	0	
1.00000000000000	1.00000000000000	0.74999999999934	0	
0.00000000000000	1.00000000000000	0.24999999999941	0	
0.00000000000000	1.00000000000000	0.49999999999869	0	
0.00000000000000	1.00000000000000	0.74999999999934	0	
0.20833333333345	0.79166666666655	1.00000000000000	0	
0.29166666666672	0.70833333333328	1.00000000000000	0	
0.12500000000000	0.87500000000000	0.14285714285687	1	
0.12500000000000	0.87500000000000	0.28571428571359	1	
0.12500000000000	0.87500000000000	0.42857142857032	1	
0.12500000000000	0.87500000000000	0.57142857142744	1	
0.12500000000000	0.87500000000000	0.71428571428496	1	
0.12500000000000	0.87500000000000	0.85714285714248	1	
0.37500000000000	0.62500000000000	0.14285714285687	1	
0.37500000000000	0.62500000000000	0.28571428571359	1	
0.37500000000000	0.62500000000000	0.42857142857032	1	
0.37500000000000	0.62500000000000	0.57142857142744	1	
0.37500000000000	0.62500000000000	0.71428571428496	1	
0.37500000000000	0.62500000000000	0.85714285714248	1	
0.70833333333333	0.70833333333333	1.00000000000000	0	
0.79166666666667	0.79166666666667	1.00000000000000	0	
0.62500000000000	0.62500000000000	0.14285714285687	1	
0.62500000000000	0.62500000000000	0.28571428571359	1	
0.62500000000000	0.62500000000000	0.42857142857032	1	
0.62500000000000	0.62500000000000	0.57142857142744	1	
0.62500000000000	0.62500000000000	0.71428571428496	1	
0.62500000000000	0.62500000000000	0.85714285714248	1	
0.87500000000000	0.87500000000000	0.14285714285687	1	
0.87500000000000	0.87500000000000	0.28571428571359	1	
0.87500000000000	0.87500000000000	0.42857142857032	1	
0.87500000000000	0.87500000000000	0.57142857142744	1	
0.87500000000000	0.87500000000000	0.71428571428496	1	
0.87500000000000	0.87500000000000	0.85714285714248	1	
0.20833333333356	0.20833333333356	1.00000000000000	0	
0.29166666666678	0.29166666666678	1.00000000000000	0	
0.12500000000000	0.12500000000000	0.14285714285687	1	
0.12500000000000	0.12500000000000	0.28571428571359	1	
0.12500000000000	0.12500000000000	0.42857142857032	1	
0.12500000000000	0.12500000000000	0.57142857142744	1	
0.12500000000000	0.12500000000000	0.71428571428496	1	
0.12500000000000	0.12500000000000	0.85714285714248	1	
0.37500000000000	0.37500000000000	0.14285714285687	1	
0.37500000000000	0.37500000000000	0.28571428571359	1	
0.37500000000000	0.37500000000000	0.42857142857032	1	
0.37500000000000	0.37500000000000	0.57142857142744	1	
0.37500000000000	0.37500000000000	0.71428571428496	1	
0.37500000000000	0.37500000000000	0.85714285714248	1	
0.70833333333310	0.29166666666690	1.00000000000000	0	
0.79166666666644	0.20833333333356	1.00000000000000	0	
0.62500000000000	0.37500000000000	0.14285714285687	1	
0.62500000000000	0.37500000000000	0.28571428571359	1	
0.62500000000000	0.37500000000000	0.42857142857032	1	
0.62500000000000	0.37500000000000	0.57142857142744	1	
0.62500000000000	0.37500000000000	0.71428571428496	1	
0.62500000000000	0.37500000000000	0.85714285714248	1	
0.87500000000000	0.12500000000000	0.14285714285687	1	
0.87500000000000	0.12500000000000	0.28571428571359	1	
0.87500000000000	0.12500000000000	0.42857142857032	1	
0.87500000000000	0.12500000000000	0.57142857142744	1	
0.87500000000000	0.12500000000000	0.71428571428496	1	
0.87500000000000	0.12500000000000	0.85714285714248	1	
0.13986847154243	0.37321903271081	0.00000000000000	0	
0.34578558360517	0.15266139474430	0.00000000000000	0	
0.50401519333303	0.20076652725199	0.00000000000000	0	
0.18903888578773	0.51260679993990	0.00000000000000	0	
0.37321903271079	0.86013152845759	0.00000000000000	0	
0.51260679993990	0.81096111421228	0.00000000000000	0	
0.86013152845766	0.62678096728966	0.00000000000000	0	
0.81096111421233	0.48739320006037	0.00000000000000	0	
0.25867454741624	0.41252721951138	0.00000000000000	0	
0.34095807590498	0.50850796655427	0.00000000000000	0	
0.46080442299515	0.46383336819549	0.00000000000000	0	
0.50480938574083	0.34177538848530	0.00000000000000	0	
0.41252721951135	0.74132545258377	0.00000000000000	0	
0.50000000000000	0.65251161440179	0.00000000000000	0	
0.74132545258388	0.58747278048866	0.00000000000000	0	
0.65937163934869	0.49566156846645	0.00000000000000	0	
0.54511527852416	0.54189038306128	0.00000000000000	0	
0.40425536586916	0.27237399542967	0.00000000000000	0	
0.84659159107616	0.33608188905438	0.00000000000000	0	
0.65937509171451	0.15398877607810	0.00000000000000	0	
0.15340840892381	0.66391811094581	0.00000000000000	0	
0.66391811094585	0.84659159107624	0.00000000000000	0	
0.44681072019927	0.56133235439482	0.00000000000000	0	
0.55961313768548	0.44626577840776	0.00000000000000	0	
0.73005153559406	0.39716066484962	0.00000000000000	0	
0.60030660082429	0.27263947169646	0.00000000000000	0	
0.27001440745665	0.60367324215465	0.00000000000000	0	
0.60197164884382	0.72867953060473	0.00000000000000	0	
0.87831456443565	0.22985380559684	0.00000000000000	0	
0.77014619440321	0.87831456443573	0.00000000000000	0	
0.12168543556431	0.77014619440318	0.00000000000000	0	
0.76583020527672	0.11752392223414	0.00000000000000	0	
0.23709964006779	0.11427846687716	0.00000000000000	0	
0.77429522610417	0.00000000000000	0.61709173814140	0	
0.21092407632628	0.00000000000000	0.61533121634427	0	
0.64080982711824	0.00000000000000	0.19767655942033	0	
0.21135395182774	0.00000000000000	0.37547207419337	0	
0.40475884725000	0.00000000000000	0.49693173636502	0	
0.39423685810456	0.00000000000000	0.76954028655458	0	
0.39302913948093	0.00000000000000	0.22352843539641	0	
0.80535546620847	0.00000000000000	0.35902330328952	0	
0.63120633771005	0.00000000000000	0.81849549308149	0	
0.56806606763759	0.00000000000000	0.62263115306883	0	
0.18301270266564	0.00000000000000	0.81698729797810	0	
0.81698729797810	0.00000000000000	0.18301270266564	0	
0.18301270189182	0.00000000000000	0.18301270189182	0	
0.81849206726834	0.00000000000000	0.81849206726834	0	
0.60004044610747	0.00000000000000	0.40635881799577	0	
1.00000000000000	0.61709173814140	0.77429522610417	0	
1.00000000000000	0.61533121634427	0.21092407632628	0	
1.00000000000000	0.19767655942033	0.64080982711824	0	
1.00000000000000	0.37547207419337	0.21135395182774	0	
1.00000000000000	0.49693173636502	0.40475884725000	0	
1.00000000000000	0.76954028655458	0.39423685810456	0	
1.00000000000000	0.22352843539641	0.39302913948093	0	
1.00000000000000	0.35902330328952	0.80535546620847	0	
1.00000000000000	0.81849549308149	0.63120633771005	0	
1.00000000000000	0.62263115306883	0.56806606763759	0	
1.00000000000000	0.81698729797810	0.18301270266564	0	
1.00000000000000	0.18301270266564	0.81698729797810	0	
1.00000000000000	0.18301270189182	0.18301270189182	0	
1.00000000000000	0.81849206726834	0.81849206726834	0	
1.00000000000000	0.40635881799577	0.60004044610747	0	
0.21092407522055	1.00000000000000	0.61533121641464	0	
0.77429522567397	1.00000000000000	0.61709173784523	0	
0.64080982619395	1.00000000000000	0.19767655951977	0	
0.21135395081013	1.00000000000000	0.37547207424259	0	
0.40475884534858	1.00000000000000	0.49693173615170	0	
0.39423685654178	1.00000000000000	0.76954028651066	0	
0.39302913873159	1.00000000000000	0.22352843573524	0	
0.80535546564757	1.00000000000000	0.35902330312018	0	
0.63120633707402	1.00000000000000	0.81849549268092	0	
0.56806606565079	1.00000000000000	0.62263115271919	0	
0.81698729797944	1.00000000000000	0.18301270266456	0	
0.18301270178598	1.00000000000000	0.81698729821412	0	
0.18301270101216	1.00000000000000	0.18301270165580	0	
0.81849206731317	1.00000000000000	0.81849206731290	0	
0.60004044339152	1.00000000000000	0.40635881650349	0	
0.00000000000000	0.21092407522055	0.61533121641464	0	
0.00000000000000	0.77429522567397	0.61709173784523	0	
0.00000000000000	0.64080982619395	0.19767655951977	0	
0.00000000000000	0.21135395081013	0.37547207424259	0	
0.00000000000000	0.40475884534858	0.49693173615170	0	
0.00000000000000	0.39423685654178	0.76954028651066	0	
0.00000000000000	0.39302913873159	0.22352843573524	0	
0.00000000000000	0.80535546564757	0.35902330312018	0	
0.00000000000000	0.63120633707402	0.81849549268092	0	
0.00000000000000	0.56806606565079	0.62263115271919	0	
0.00000000000000	0.81698729797944	0.18301270266456	0	
0.00000000000000	0.18301270178598	0.81698729821412	0	
0.00000000000000	0.18301270101216	0.18301270165580	0	
0.00000000000000	0.81849206731317	0.81849206731290	0	
0.00000000000000	0.60004044339152	0.40635881650349	0	
0.13986847154243	0.37321903271081	1.00000000000000	0	
0.34578558360517	0.15266139474430	1.00000000000000	0	
0.50401519333303	0.20076652725199	1.00000000000000	0	
0.18903888578773	0.51260679993990	1.00000000000000	0	
0.37321903271079	0.86013152845759	1.00000000000000	0	
0.51260679993990	0.81096111421228	1.00000000000000	0	
0.86013152845766	0.62678096728966	1.00000000000000	0	
0.81096111421233	0.48739320006037	1.00000000000000	0	
0.25867454741624	0.41252721951138	1.00000000000000	0	
0.34095807590498	0.50850796655427	1.00000000000000	0	
0.46080442299515	0.46383336819549	1.00000000000000	0	
0.50480938574083	0.34177538848530	1.00000000000000	0	
0.41252721951135	0.74132545258377	1.00000000000000	0	
0.50000000000000	0.65251161440179	1.00000000000000	0	
0.74132545258388	0.58747278048866	1.00000000000000	0	
0.65937163934869	0.49566156846645	1.00000000000000	0	
0.54511527852416	0.54189038306128	1.00000000000000	0	
0.40425536586916	0.27237399542967	1.00000000000000	0	
0.84659159107616	0.33608188905438	1.00000000000000	0	
0.65937509171451	0.15398877607810	1.00000000000000	0	
0.15340840892381	0.66391811094581	1.00000000000000	0	
0.66391811094585	0.84659159107624	1.00000000000000	0	
0.44681072019927	0.56133235439482	1.00000000000000	0	
0.55961313768548	0.44626577840776	1.00000000000000	0	
0.73005153559406	0.39716066484962	1.00000000000000	0	
0.60030660082429	0.27263947169646	1.00000000000000	0	
0.27001440745665	0.60367324215465	1.00000000000000	0	
0.60197164884382	0.72867953060473	1.00000000000000	0	
0.87831456443565	0.22985380559684	1.00000000000000	0	
0.77014619440321	0.87831456443573	1.00000000000000	0	
0.12168543556431	0.77014619440318	1.00000000000000	0	
0.76583020527672	0.11752392223414	1.00000000000000	0	
0.23709964006779	0.11427846687716	1.00000000000000	0	
0.25024699305790	0.74975300694210	0.10076465208213	1	
0.25024699279486	0.74975300720514	0.89923534825615	1	
0.20831949999967	0.79168050000033	0.37845644662606	1	
0.20831950000731	0.79168049999269	0.62154355368398	1	
0.28533618721793	0.71466381278207	0.50000000016266	1	
0.20891047367742	0.79108952632258	0.77696641491997	1	
0.20891047359127	0.79108952640873	0.22303358528882	1	
0.30773008261801	0.69226991738199	0.20690663463618	1	
0.30773008255109	0.69226991744891	0.79309336481431	1	
0.29456699504813	0.70543300495187	0.33674181842447	1	
0.29456699508368	0.70543300491632	0.66325818193302	1	
0.19651493822350	0.80348506177650	0.50000000017259	1	
0.18173741675935	0.81826258324065	0.89680658616698	1	
0.33333333333336	0.66666666666664	0.92857142857124	1	
0.18173741679673	0.81826258320327	0.10319341389673	1	
0.33333333333336	0.66666666666664	0.07142857142843	1	
0.75024699322630	0.75024699322630	0.10076465173799	1	
0.75024699340297	0.75024699340297	0.89923534759536	1	
0.70831949983642	0.70831949983642	0.37845644647769	1	
0.70831950001838	0.70831950001838	0.62154355373059	1	
0.78533618724584	0.78533618724584	0.50000000018667	1	
0.70891047404897	0.70891047404897	0.77696641473768	1	
0.70891047332909	0.70891047332909	0.22303358483864	1	
0.80773008259364	0.80773008259364	0.20690663455880	1	
0.80773008340298	0.80773008340298	0.79309336559968	1	
0.79456699503997	0.79456699503997	0.33674181836716	1	
0.79456699538175	0.79456699538175	0.66325818194494	1	
0.69575663461554	0.69575663461554	0.50000000018258	1	
0.68173741697367	0.68173741697367	0.89680658612697	1	
0.83333333333333	0.83333333333333	0.92857142857124	1	
0.68173741680146	0.68173741680146	0.10319341379809	1	
0.83333333333333	0.83333333333333	0.07142857142843	1	
0.25024699296225	0.25024699296225	0.10076465207344	1	
0.25024699295998	0.25024699295998	0.89923534801476	1	
0.20831949978969	0.20831949978969	0.37845644669789	1	
0.20831949995443	0.20831949995443	0.62154355358990	1	
0.28533618705502	0.28533618705502	0.50000000049599	1	
0.20891047406297	0.20891047406297	0.77696641471879	1	
0.20891047286210	0.20891047286210	0.22303358494328	1	
0.30773008268584	0.30773008268584	0.20690663415672	1	
0.30773008254239	0.30773008254239	0.79309336520218	1	
0.29456699486718	0.29456699486718	0.33674181817251	1	
0.19469500888346	0.19469500888346	0.50000000032330	1	
0.29456699482306	0.29456699482306	0.66325818153941	1	
0.18173741703378	0.18173741703378	0.89680658633623	1	
0.33333333333339	0.33333333333339	0.92857142857124	1	
0.18173741681417	0.18173741681417	0.10319341393108	1	
0.33333333333339	0.33333333333339	0.07142857142843	1	
0.74975300726984	0.25024699273016	0.89923534795093	1	
0.75024699338174	0.24975300661826	0.10076465188917	1	
0.70831949986081	0.29168050013919	0.37845644673023	1	
0.80086842472357	0.19913157527643	0.63986926026963	1	
0.78751822326102	0.21248177673898	0.50000000067190	1	
0.79221391287691	0.20778608712309	0.77862626183240	1	
0.70891047284810	0.29108952715190	0.22303358492441	1	
0.80773008292909	0.19226991707091	0.20690663394134	1	
0.69237131758565	0.30762868241435	0.79326363258122	1	
0.79509223890795	0.20490776109205	0.33753599323156	1	
0.71235938925256	0.28764061074744	0.64250655765295	1	
0.69610132336685	0.30389867663315	0.50571982938302	1	
0.66666666666655	0.33333333333345	0.92857142857124	1	
0.81852314296283	0.18147685703717	0.89704498179823	1	
0.68173741677960	0.31826258322040	0.10319341400587	1	
0.83333333333322	0.16666666666678	0.07142857142843	1	
0.79356957341452	0.50000000000000	0.50878297635634	1	
0.50000000000000	0.78470318998772	0.49999999999888	1	
0.19869582368227	0.50000000000000	0.35714285714196	1	
0.50000000000000	0.21454727027455	0.49999999999888	1	
0.22024752120104	0.49999999999019	0.78571428571372	1	
0.50000000000000	0.22024752119123	0.78571428571372	1	
0.50000000000000	0.77975247875268	0.78571428571372	1	
0.50000000000000	0.77975247870901	0.21428571428523	1	
0.50000000000000	0.22024752134405	0.21428571428523	1	
0.77992921047669	0.50000000000000	0.78571428571372	1	
0.78614066155200	0.50000000000000	0.21428571428523	1	
0.50000000000000	0.50000000000000	0.78571428571372	1	
0.50000000000000	0.50000000000000	0.21428571428523	1	
0.50000000000000	0.50000000000000	0.49999999999888	1	
0.20037999887849	0.50000000000000	0.57188576709117	1	
0.21824168253700	0.45866005277690	0.16876049022819	1	
0.56377551020399	0.50000000000000	0.64285714285620	1	
0.56377551020427	0.50000000000000	0.35714285714205	1	
0.50000000000000	0.29865404312612	0.64285714285620	1	
0.71448029555892	0.88506815896896	0.86867808021642	1	
0.71448029542076	0.88506815861641	0.13132191968405	1	
0.88506815851615	0.28551970433635	0.13132191940598	1	
0.71662684060737	0.11707838642757	0.13132191940598	1	
0.13691944607533	0.65506832062794	0.55329175666915	1	
0.21421709738494	0.61466864340983	0.13132191971834	1	
0.15524522435730	0.35558532752657	0.82063131333146	1	
0.38364741165194	0.78409895803335	0.86867808005017	1	
0.38364741171734	0.78409895774224	0.13132191971834	1	
0.41448910645362	0.50000000000000	0.35714285714196	1	
0.35558532752935	0.15524522435451	0.82063131333146	1	
0.39900574152924	0.14133233447693	0.63929249758703	1	
0.41448910645325	0.50000000000000	0.64285714285620	1	
0.89614313637849	0.70340531814939	0.86867808021642	1	
0.89614313591358	0.70340531812358	0.13132191968405	1	
0.50000000000000	0.70134595684546	0.64285714285620	1	
0.50000000000000	0.70134595682278	0.35714285714196	1	
0.50000000000000	0.29865404320410	0.35714285714196	1	
0.35459183673481	0.50000000000000	0.21428571428523	1	
0.64540816326530	0.50000000000000	0.49999999999888	1	
0.72319520946595	0.51773010324434	0.36079807272410	1	
0.85377384527408	0.62880226570615	0.31560619572346	1	
0.35558532727234	0.15524522369172	0.17936868720729	1	
0.39900574151388	0.14133233498450	0.36070750262369	1	
0.64254935503918	0.83854346681979	0.55281125377673	1	
0.58960312191066	0.49972395534633	0.88289002994037	1	
0.58960312191124	0.49972395534642	0.11710997005929	1	
1518
78	79	106	327	1
106	79	107	327	1
255	260	318	337	1
271	269	276	323	1
275	272	268	321	1
304	307	300	322	1
300	307	304	324	1
115	116	314	330	1
254	253	260	315	1
259	252	254	315	1
309	302	308	317	1
258	255	260	318	1
301	308	166	303	1
263	243	251	318	1
87	314	88	330	1
298	242	310	319	1
227	81	239	325	1
270	269	277	314	1
193	315	259	349	1
108	80	325	345	1
285	293	328	339	1
300	302	309	317	1
192	260	315	348	1
263	251	258	318	1
240	228	227	358	1
147	134	135	359	1
271	333	276	357	1
79	78	106	328	1
106	107	79	328	1
298	310	241	323	1
81	227	109	325	1
78	327	106	342	1
79	107	327	345	1
227	228	109	358	1
104	135	134	359	1
302	308	166	301	1
226	81	239	227	1
306	308	303	319	1
308	302	309	314	1
302	300	309	314	1
239	325	81	358	1
146	76	326	359	1
269	88	87	314	1
193	259	321	349	1
314	330	87	352	1
115	330	314	352	1
119	305	307	335	1
230	239	81	358	1
137	76	146	359	1
308	306	303	323	1
146	134	326	351	1
115	116	308	314	1
271	320	333	357	1
81	226	109	227	1
306	298	310	319	1
109	228	117	358	1
192	320	260	348	1
112	135	104	359	1
230	233	239	358	1
140	137	146	359	1
87	315	86	327	1
109	318	81	325	1
80	318	108	325	1
116	330	325	358	1
81	318	80	325	1
108	318	109	325	1
114	317	115	327	1
291	289	288	329	1
176	324	300	353	1
89	81	325	358	1
84	326	76	359	1
117	325	109	358	1
109	325	227	358	1
298	306	310	323	1
104	134	326	359	1
104	326	112	359	1
252	204	256	259	1
79	78	315	327	1
259	191	252	315	1
109	117	319	325	1
85	331	326	359	1
326	331	113	359	1
116	323	314	330	1
117	228	240	358	1
109	319	108	325	1
117	116	319	325	1
147	135	112	359	1
274	276	94	346	1
325	330	88	358	1
107	317	106	327	1
85	113	331	359	1
303	301	308	179	1
269	314	181	323	1
314	323	88	330	1
106	316	78	342	1
261	254	191	253	1
146	326	76	351	1
300	302	178	314	1
284	286	291	316	1
166	319	308	332	1
165	303	308	319	1
134	146	133	351	1
89	81	320	325	1
81	80	320	325	1
285	292	206	286	1
254	191	252	261	1
108	318	80	345	1
84	321	76	326	1
230	81	89	358	1
137	84	76	359	1
255	318	210	337	1
77	76	321	326	1
308	302	166	317	1
104	322	112	326	1
104	105	322	326	1
292	284	206	286	1
189	272	275	321	1
307	300	302	178	1
277	270	314	354	1
159	307	304	322	1
89	320	88	325	1
175	304	307	324	1
255	258	260	340	1
85	321	84	326	1
282	296	288	208	1
260	255	253	337	1
257	256	259	341	1
307	159	304	336	1
268	201	275	321	1
166	308	317	332	1
112	322	113	326	1
278	320	244	333	1
149	312	322	336	1
176	300	314	353	1
204	256	259	338	1
88	314	269	323	1
171	300	307	322	1
286	285	293	328	1
307	304	305	336	1
228	109	117	319	1
79	328	107	345	1
271	274	276	333	1
172	276	269	323	1
259	252	316	337	1
227	325	239	358	1
146	326	134	359	1
308	314	116	323	1
259	254	252	337	1
148	324	312	335	1
104	326	134	351	1
81	109	226	318	1
189	275	272	334	1
138	280	324	347	1
254	191	253	315	1
76	133	146	351	1
257	259	256	338	1
251	243	237	318	1
191	254	252	315	1
78	316	106	328	1
85	324	113	359	1
252	256	193	259	1
291	288	284	208	1
304	307	305	335	1
276	269	271	357	1
208	282	296	124	1
201	321	268	349	1
255	260	253	192	1
84	138	324	359	1
269	270	276	181	1
172	271	276	323	1
230	89	233	358	1
242	298	236	319	1
140	84	137	359	1
280	151	321	334	1
77	326	331	342	1
105	331	326	342	1
225	226	109	318	1
135	112	104	322	1
304	175	307	335	1
225	109	295	318	1
234	109	228	319	1
308	303	179	323	1
300	322	171	350	1
273	272	275	334	1
191	252	193	259	1
108	325	330	345	1
80	330	325	345	1
242	228	117	319	1
165	166	308	303	1
231	323	278	346	1
289	282	288	329	1
271	276	274	346	1
269	320	271	357	1
251	262	255	210	1
263	81	243	318	1
78	331	327	342	1
327	331	106	342	1
115	309	308	332	1
165	308	166	319	1
231	89	323	358	1
193	191	259	315	1
241	235	298	323	1
270	181	269	314	1
159	322	304	336	1
277	268	270	354	1
226	243	81	318	1
193	259	256	341	1
79	327	330	345	1
107	330	327	345	1
192	255	260	340	1
280	84	138	324	1
139	324	138	359	1
195	276	333	357	1
133	104	134	351	1
276	172	269	181	1
201	268	315	349	1
263	258	81	318	1
270	275	268	357	1
148	112	312	324	1
302	186	308	301	1
113	85	331	353	1
204	259	316	338	1
310	242	117	319	1
108	330	325	332	1
284	206	286	316	1
234	295	109	319	1
89	81	230	320	1
195	333	320	357	1
271	269	88	348	1
148	139	112	324	1
291	208	284	316	1
303	298	165	311	1
268	272	85	349	1
77	331	326	349	1
89	278	231	323	1
137	76	84	321	1
259	316	254	337	1
286	344	292	356	1
231	323	232	358	1
79	254	260	315	1
259	254	78	315	1
300	171	317	350	1
326	331	105	350	1
104	141	135	322	1
272	321	189	334	1
325	330	80	348	1
291	288	208	329	1
260	328	318	337	1
269	181	172	323	1
286	206	285	328	1
116	325	330	332	1
135	149	112	322	1
327	330	107	332	1
115	317	309	332	1
227	239	233	358	1
146	134	140	359	1
300	113	304	350	1
115	330	327	332	1
78	327	331	349	1
278	89	244	320	1
117	241	310	323	1
79	315	260	348	1
86	331	327	349	1
106	331	327	350	1
259	315	78	349	1
232	241	117	323	1
280	151	84	321	1
79	330	327	348	1
198	221	262	340	1
128	199	264	341	1
327	331	114	350	1
87	327	330	348	1
80	328	79	345	1
107	328	108	345	1
112	324	139	359	1
149	312	112	322	1
258	320	260	340	1
262	255	198	340	1
264	199	256	341	1
175	304	324	335	1
300	304	113	324	1
271	88	269	323	1
108	330	332	345	1
282	208	288	329	1
192	260	320	340	1
257	259	321	341	1
193	321	259	341	1
318	328	80	345	1
108	328	318	345	1
326	331	85	349	1
77	342	331	349	1
244	89	230	320	1
311	303	298	179	1
257	77	259	316	1
141	104	297	322	1
151	137	84	321	1
113	331	326	350	1
331	342	105	350	1
306	310	117	319	1
88	330	325	348	1
270	181	314	354	1
269	348	320	357	1
330	345	80	348	1
268	86	277	315	1
107	332	330	345	1
318	328	293	339	1
331	342	78	349	1
117	232	323	358	1
300	324	113	353	1
106	342	331	350	1
300	171	302	317	1
79	345	330	348	1
308	186	314	323	1
301	186	308	179	1
78	79	254	328	1
286	107	106	328	1
108	293	318	328	1
80	318	260	328	1
78	254	316	328	1
286	106	316	328	1
117	310	306	323	1
300	178	176	314	1
275	273	91	354	1
113	324	85	353	1
157	302	166	301	1
251	237	210	318	1
300	302	171	307	1
257	316	259	338	1
116	308	306	319	1
271	320	269	348	1
85	84	324	359	1
196	348	315	357	1
236	298	165	319	1
113	324	112	359	1
291	105	289	329	1
278	271	320	333	1
268	321	272	349	1
108	107	293	328	1
80	260	79	328	1
261	187	72	73	1
78	254	259	316	1
291	286	106	316	1
300	114	309	314	1
282	124	208	329	1
172	276	271	346	1
116	117	323	358	1
238	278	244	333	1
268	201	315	357	1
291	208	316	329	1
312	304	322	336	1
201	189	275	321	1
262	251	255	340	1
210	318	211	337	1
250	264	256	341	1
277	268	314	353	1
203	253	255	337	1
171	307	159	322	1
271	88	320	348	1
308	186	302	314	1
115	308	309	314	1
320	348	196	357	1
293	290	108	318	1
80	258	260	318	1
297	132	282	329	1
308	116	306	323	1
300	304	322	350	1
100	101	292	202	1
101	158	100	292	1
272	321	85	349	1
309	317	308	332	1
280	272	324	347	1
114	300	309	317	1
312	324	304	335	1
308	319	116	332	1
280	266	272	347	1
276	274	94	188	1
277	314	268	354	1
166	302	171	317	1
284	205	206	316	1
87	277	269	314	1
89	88	323	358	1
268	315	277	357	1
284	208	205	316	1
278	267	271	333	1
138	324	130	347	1
225	318	295	339	1
108	290	293	319	1
113	322	304	350	1
312	299	304	336	1
268	275	201	357	1
121	302	301	174	1
262	221	251	340	1
194	91	275	273	1
250	128	264	341	1
211	318	328	337	1
307	119	164	305	1
179	298	235	323	1
286	316	206	328	1
164	307	305	336	1
285	102	287	202	1
74	253	187	255	1
158	102	287	285	1
280	321	272	334	1
81	229	230	340	1
165	298	236	311	1
166	319	332	344	1
76	137	136	341	1
142	148	312	335	1
274	94	188	333	1
264	250	256	338	1
186	178	302	314	1
277	86	268	353	1
262	251	237	210	1
278	323	271	346	1
248	165	236	311	1
267	278	271	346	1
287	285	202	339	1
299	312	304	335	1
231	223	323	346	1
308	179	186	323	1
260	258	80	320	1
270	92	275	194	1
316	328	254	337	1
229	222	230	340	1
234	295	319	343	1
136	137	129	341	1
257	259	77	321	1
195	320	196	357	1
226	220	243	318	1
225	220	226	318	1
105	291	289	322	1
252	216	316	337	1
276	274	188	333	1
254	261	252	337	1
86	315	268	349	1
307	178	119	335	1
174	301	122	303	1
271	323	172	346	1
280	272	266	334	1
31	129	321	341	1
293	107	286	328	1
154	204	144	264	1
166	332	317	344	1
179	298	311	235	1
11	118	313	155	1
220	237	243	318	1
51	320	222	340	1
300	114	314	353	1
81	230	320	340	1
256	71	252	190	1
205	288	284	99	1
284	288	160	99	1
275	194	273	334	1
277	86	87	315	1
191	187	261	253	1
108	319	293	332	1
126	322	159	336	1
295	318	109	339	1
237	247	262	210	1
133	76	338	351	1
76	321	137	341	1
188	93	270	92	1
181	314	186	323	1
224	223	48	323	1
11	118	152	313	1
279	246	19	95	1
281	90	9	153	1
191	190	252	261	1
284	286	292	356	1
148	131	139	324	1
285	206	292	202	1
138	139	131	324	1
294	283	249	343	1
116	325	117	358	1
157	122	301	303	1
242	219	228	319	1
300	317	114	350	1
206	205	284	292	1
234	228	219	319	1
313	155	118	336	1
287	293	285	339	1
171	350	322	356	1
264	256	204	338	1
220	54	318	339	1
280	272	84	324	1
78	316	77	342	1
105	316	106	342	1
95	279	246	333	1
304	312	112	324	1
104	133	132	329	1
307	302	164	120	1
292	286	285	344	1
109	319	295	343	1
156	282	296	355	1
28	130	131	324	1
232	224	241	323	1
231	224	232	323	1
311	245	179	235	1
284	292	160	356	1
192	191	196	315	1
89	325	88	358	1
85	326	84	359	1
282	132	124	329	1
235	241	224	323	1
141	322	297	355	1
113	112	326	359	1
209	204	256	252	1
171	317	350	356	1
131	175	324	335	1
244	230	222	320	1
295	109	290	339	1
89	271	278	323	1
151	129	137	321	1
80	260	320	348	1
157	302	121	120	1
290	109	295	343	1
203	255	210	337	1
231	223	224	323	1
278	271	89	320	1
259	77	321	349	1
260	254	79	337	1
71	209	256	252	1
291	316	105	329	1
293	290	318	339	1
280	84	272	321	1
283	225	295	339	1
118	152	313	335	1
115	114	309	317	1
135	126	149	322	1
130	138	131	324	1
252	193	256	190	1
288	205	284	208	1
141	126	135	322	1
277	314	86	353	1
105	316	342	351	1
316	77	342	351	1
34	329	127	338	1
189	321	129	334	1
316	329	204	338	1
297	104	289	355	1
105	291	322	350	1
182	91	273	354	1
290	109	108	318	1
81	258	80	318	1
190	252	193	191	1
312	304	112	322	1
133	329	104	351	1
242	236	219	319	1
86	314	277	352	1
293	319	290	343	1
191	187	253	192	1
234	283	295	343	1
126	159	143	336	1
219	319	45	343	1
7	134	104	135	1
21	109	227	228	1
260	79	328	337	1
90	153	281	334	1
188	276	195	357	1
294	249	167	343	1
255	253	187	192	1
297	282	289	329	1
297	132	104	133	1
226	295	225	109	1
292	285	158	344	1
303	174	301	179	1
222	320	195	333	1
109	290	108	319	1
203	253	74	255	1
78	254	79	315	1
78	259	77	316	1
291	106	105	316	1
297	322	104	355	1
207	328	318	339	1
268	277	270	357	1
286	317	344	356	1
141	297	282	355	1
169	156	296	355	1
261	253	73	337	1
133	76	150	338	1
87	86	277	352	1
72	252	190	261	1
106	107	286	317	1
31	128	129	341	1
87	277	314	352	1
329	338	316	351	1
221	51	222	340	1
296	214	208	124	1
296	214	288	208	1
254	328	79	337	1
270	177	181	354	1
301	302	186	174	1
309	314	114	352	1
268	314	353	354	1
108	332	107	345	1
161	292	344	356	1
205	100	284	292	1
284	100	160	292	1
104	134	7	133	1
109	226	21	227	1
264	128	32	199	1
214	296	35	124	1
287	158	285	344	1
126	25	322	355	1
265	136	76	137	1
229	230	263	81	1
248	170	165	311	1
284	160	288	356	1
291	106	286	356	1
81	80	258	320	1
79	80	345	348	1
77	78	342	349	1
106	317	286	356	1
77	76	257	321	1
193	201	191	315	1
105	329	316	351	1
247	215	262	210	1
264	154	204	212	1
106	105	342	350	1
268	275	270	354	1
117	116	306	319	1
52	262	198	221	1
300	113	114	353	1
133	338	329	351	1
278	238	267	333	1
289	322	291	355	1
220	318	225	339	1
309	114	115	352	1
289	104	105	322	1
217	283	294	339	1
84	272	85	324	1
109	318	290	339	1
293	286	107	344	1
277	315	87	357	1
132	297	7	133	1
295	21	226	225	1
113	304	112	324	1
54	210	220	318	1
286	317	107	344	1
220	210	237	318	1
31	129	189	321	1
34	204	329	338	1
133	150	76	265	1
243	81	263	226	1
309	115	314	352	1
302	121	120	178	1
229	81	263	340	1
102	213	287	202	1
198	74	187	255	1
102	287	167	158	1
136	265	76	341	1
132	297	104	329	1
117	241	232	310	1
117	310	228	242	1
236	165	219	319	1
116	330	115	332	1
104	141	7	135	1
109	21	234	228	1
276	188	195	333	1
73	261	187	253	1
297	141	7	104	1
295	21	234	109	1
287	343	158	344	1
290	319	109	343	1
116	117	306	323	1
22	240	117	228	1
302	157	164	120	1
131	175	28	324	1
147	10	112	135	1
126	25	159	322	1
187	72	190	261	1
299	142	312	335	1
235	224	179	323	1
144	264	204	338	1
76	326	77	351	1
105	326	104	351	1
183	311	245	179	1
89	88	271	323	1
250	264	144	338	1
312	40	299	149	1
285	292	101	202	1
292	101	158	285	1
271	88	89	320	1
192	320	51	340	1
324	353	176	354	1
121	302	174	178	1
179	224	48	323	1
272	84	85	321	1
231	267	278	82	1
266	280	42	138	1
176	178	186	314	1
51	195	222	320	1
219	165	45	319	1
160	355	288	356	1
87	327	86	352	1
115	114	327	352	1
292	205	100	202	1
158	160	100	292	1
85	331	86	349	1
104	7	297	133	1
295	226	21	109	1
220	217	54	339	1
106	350	317	356	1
222	320	230	340	1
28	131	142	335	1
87	348	269	357	1
211	318	207	328	1
107	317	332	344	1
166	302	157	171	1
227	233	240	358	1
114	331	113	350	1
134	147	140	359	1
54	207	318	339	1
87	330	88	348	1
137	321	129	341	1
31	321	193	341	1
113	112	304	322	1
72	66	203	73	1
8	137	140	84	1
89	18	230	233	1
106	291	350	356	1
257	76	77	351	1
105	104	289	351	1
205	208	206	316	1
172	181	186	323	1
107	332	293	344	1
192	221	198	340	1
156	296	98	169	1
167	249	294	103	1
129	145	31	334	1
120	121	157	60	1
8	280	84	138	1
18	231	89	278	1
234	319	219	343	1
149	112	10	135	1
256	199	71	190	1
205	214	288	99	1
288	169	160	99	1
180	185	94	346	1
277	87	269	357	1
123	170	248	311	1
45	319	162	343	1
63	93	188	92	1
164	171	302	307	1
158	100	57	101	1
101	100	57	202	1
182	273	347	354	1
324	347	272	354	1
28	175	131	335	1
311	123	183	245	1
262	75	215	247	1
154	264	70	212	1
63	180	93	92	1
81	239	17	226	1
76	133	5	146	1
193	199	128	341	1
76	265	150	338	1
104	322	289	355	1
164	119	168	305	1
91	194	197	273	1
257	338	76	351	1
34	124	127	329	1
148	10	112	139	1
255	192	198	340	1
314	114	352	353	1
66	72	187	73	1
204	316	208	329	1
87	315	348	357	1
283	217	225	339	1
220	225	217	339	1
161	160	292	356	1
105	289	329	351	1
151	137	8	84	1
230	18	89	244	1
215	255	262	210	1
159	171	322	356	1
186	301	174	179	1
159	322	163	356	1
298	110	310	242	1
288	291	284	356	1
293	332	319	344	1
193	256	199	341	1
297	39	282	132	1
283	97	295	225	1
178	184	119	335	1
105	342	326	351	1
77	326	342	351	1
222	195	238	333	1
290	283	295	339	1
272	85	324	354	1
164	159	307	336	1
127	133	150	338	1
188	195	196	357	1
209	72	203	337	1
17	230	239	81	1
5	76	146	137	1
290	295	283	343	1
5	136	265	137	1
230	263	17	229	1
215	203	74	255	1
86	327	331	352	1
114	331	327	352	1
293	287	285	344	1
129	31	189	334	1
270	275	177	354	1
126	322	141	355	1
287	202	213	339	1
292	158	161	344	1
307	175	178	335	1
100	160	56	99	1
56	205	100	99	1
72	71	65	190	1
252	209	204	216	1
143	126	25	159	1
163	322	25	355	1
158	287	167	343	1
121	302	157	301	1
87	330	327	352	1
327	330	115	352	1
310	22	228	242	1
157	122	303	170	1
22	117	310	228	1
170	303	165	311	1
255	75	215	262	1
86	314	352	353	1
91	92	177	62	1
297	289	282	355	1
81	320	258	340	1
158	58	102	101	1
101	58	102	202	1
256	264	204	212	1
177	275	91	354	1
121	157	61	122	1
85	353	324	354	1
257	321	76	341	1
192	51	221	340	1
92	177	270	275	1
110	310	241	298	1
322	350	291	356	1
70	256	264	199	1
294	287	103	213	1
296	214	98	288	1
198	75	255	262	1
287	167	294	103	1
264	256	70	212	1
288	98	296	169	1
115	308	116	332	1
93	94	64	188	1
276	180	172	181	1
265	76	5	137	1
230	17	263	81	1
200	188	94	333	1
294	55	217	339	1
87	88	269	348	1
114	113	331	353	1
85	86	268	349	1
272	268	85	354	1
28	175	173	324	1
183	174	122	303	1
275	189	194	334	1
31	193	128	341	1
216	328	316	337	1
74	73	203	67	1
216	252	209	337	1
141	297	39	282	1
97	234	283	295	1
209	256	212	71	1
104	329	289	351	1
168	164	305	336	1
120	119	178	59	1
60	120	121	178	1
54	207	210	318	1
289	104	297	329	1
300	114	113	350	1
89	18	233	358	1
84	140	8	359	1
6	156	296	98	1
249	20	294	103	1
187	73	74	67	1
232	22	117	310	1
268	353	85	354	1
181	176	314	354	1
107	108	293	332	1
170	123	303	311	1
221	68	262	251	1
36	250	128	264	1
38	296	282	124	1
96	294	217	283	1
127	132	133	329	1
160	169	288	355	1
42	280	266	151	1
118	11	26	155	1
190	191	187	261	1
232	241	22	310	1
45	165	162	319	1
284	291	286	356	1
203	210	211	337	1
80	79	260	348	1
259	78	77	349	1
293	319	343	344	1
183	303	123	311	1
218	249	283	343	1
158	161	160	292	1
206	205	292	202	1
293	287	290	339	1
193	31	189	321	1
105	106	291	350	1
23	123	248	311	1
272	347	273	354	1
120	307	302	178	1
293	290	287	343	1
148	112	10	312	1
163	159	25	322	1
179	48	172	323	1
245	23	123	47	1
30	9	90	153	1
286	293	285	344	1
208	34	204	329	1
144	34	127	338	1
51	192	195	320	1
156	125	282	355	1
267	231	223	82	1
42	266	138	130	1
183	303	311	179	1
117	22	232	358	1
34	208	124	329	1
112	139	10	359	1
76	5	133	265	1
17	263	81	226	1
194	197	273	334	1
289	291	288	355	1
194	275	201	189	1
176	353	314	354	1
122	61	121	174	1
159	171	164	307	1
218	283	234	343	1
216	211	328	337	1
97	283	217	225	1
39	282	132	124	1
151	8	280	84	1
244	18	89	278	1
272	266	273	347	1
117	240	22	358	1
331	352	114	353	1
147	112	10	359	1
156	24	125	355	1
218	219	45	343	1
174	302	186	178	1
25	126	125	355	1
322	291	355	356	1
288	355	291	356	1
44	249	218	343	1
173	324	176	354	1
312	112	10	149	1
293	343	287	344	1
282	125	141	355	1
206	211	207	328	1
210	207	211	318	1
201	193	189	321	1
166	162	319	344	1
311	23	123	245	1
150	133	5	265	1
263	17	243	226	1
249	20	103	44	1
65	209	71	72	1
196	315	201	357	1
16	75	262	247	1
4	154	264	70	1
162	165	166	319	1
45	219	236	165	1
287	213	294	339	1
287	294	167	343	1
224	235	179	48	1
302	157	171	164	1
127	329	133	338	1
240	232	22	358	1
147	10	139	359	1
64	180	94	93	1
179	172	186	323	1
271	274	267	346	1
272	273	275	354	1
251	263	69	243	1
296	288	169	355	1
255	251	258	340	1
118	155	168	336	1
195	192	196	320	1
250	256	257	341	1
164	119	120	59	1
24	156	169	355	1
160	56	57	100	1
56	205	57	100	1
182	177	91	354	1
249	44	167	343	1
234	219	218	343	1
299	41	313	155	1
296	35	6	98	1
187	198	255	192	1
66	72	65	190	1
267	274	271	333	1
95	246	200	333	1
57	58	158	101	1
57	58	101	202	1
159	163	171	356	1
144	204	34	338	1
232	233	18	358	1
140	139	8	359	1
255	215	203	210	1
62	91	92	194	1
125	126	141	355	1
182	2	9	90	1
118	1	11	184	1
86	352	331	353	1
3	4	70	212	1
98	0	6	169	1
12	20	103	213	1
70	4	3	199	1
294	213	55	339	1
262	75	16	52	1
14	19	95	185	1
95	19	14	200	1
63	177	92	62	1
299	305	304	336	1
173	175	176	324	1
199	256	193	190	1
205	288	214	208	1
257	256	250	338	1
61	157	121	60	1
66	203	73	67	1
13	23	123	170	1
15	16	215	75	1
29	130	28	347	1
118	184	152	335	1
268	86	85	353	1
85	86	331	353	1
64	93	188	63	1
33	204	144	154	1
303	165	157	170	1
218	45	162	343	1
158	343	162	344	1
220	237	210	54	1
238	222	51	195	1
304	305	299	335	1
57	160	100	158	1
205	57	100	202	1
192	52	198	221	1
73	187	66	67	1
41	152	299	313	1
208	214	35	124	1
128	193	32	199	1
197	153	90	334	1
204	216	208	316	1
190	66	72	187	1
161	344	317	356	1
178	60	120	59	1
209	72	66	203	1
260	253	254	337	1
273	266	272	334	1
157	164	120	60	1
206	316	216	328	1
92	188	63	194	1
207	217	55	339	1
27	28	142	335	1
54	217	207	339	1
26	143	159	336	1
201	194	188	357	1
44	218	162	343	1
163	355	160	356	1
60	121	174	178	1
173	347	324	354	1
245	47	179	235	1
287	294	283	339	1
27	175	28	335	1
261	254	253	337	1
287	283	294	343	1
178	175	184	335	1
210	237	247	53	1
90	281	182	347	1
204	256	212	209	1
174	61	121	60	1
149	40	299	143	1
242	298	110	236	1
48	223	49	346	1
33	204	154	212	1
128	32	36	264	1
296	38	35	124	1
25	125	163	355	1
124	132	127	329	1
236	46	165	248	1
65	209	72	66	1
296	282	288	355	1
313	299	155	336	1
210	247	215	53	1
208	216	206	316	1
54	207	217	55	1
221	192	52	51	1
303	183	174	179	1
180	172	185	346	1
285	101	102	202	1
187	73	253	74	1
102	158	101	285	1
52	68	262	221	1
217	55	294	96	1
207	213	202	339	1
181	177	176	354	1
158	167	162	343	1
71	72	252	190	1
284	100	205	99	1
160	100	284	99	1
182	347	173	354	1
203	73	253	337	1
169	98	0	56	1
98	214	0	56	1
212	70	3	65	1
199	3	70	65	1
29	28	173	347	1
103	167	12	58	1
213	103	12	58	1
170	165	46	248	1
75	215	74	255	1
180	63	177	92	1
267	246	279	333	1
35	34	208	124	1
32	31	193	128	1
218	234	283	97	1
39	125	141	282	1
203	216	209	337	1
279	95	185	346	1
298	241	110	235	1
287	103	213	102	1
70	256	199	71	1
74	198	75	255	1
103	287	167	102	1
214	98	288	99	1
256	70	212	71	1
169	288	98	99	1
24	163	125	355	1
183	245	47	179	1
200	195	188	333	1
60	164	120	59	1
64	180	93	63	1
161	166	317	344	1
44	45	162	218	1
123	303	122	170	1
185	95	14	64	1
200	14	95	64	1
275	92	177	91	1
183	61	13	123	1
191	201	196	315	1
198	15	67	75	1
276	94	180	93	1
123	61	13	170	1
215	67	15	75	1
35	296	214	98	1
168	159	164	336	1
272	275	268	354	1
251	221	69	340	1
270	269	276	357	1
168	59	1	118	1
118	59	1	184	1
250	37	128	341	1
211	206	216	328	1
48	49	172	346	1
62	92	63	194	1
118	26	168	155	1
122	183	303	123	1
166	171	161	317	1
221	229	69	340	1
299	313	152	335	1
125	24	25	163	1
136	128	37	341	1
121	157	122	301	1
253	73	203	74	1
198	75	262	52	1
62	2	182	90	1
2	62	197	90	1
301	122	121	174	1
90	197	30	153	1
245	123	183	47	1
160	163	169	355	1
209	71	72	252	1
266	281	273	347	1
69	229	263	340	1
294	96	249	283	1
296	156	38	282	1
119	307	120	178	1
37	265	136	341	1
153	266	281	334	1
93	276	94	188	1
194	189	197	334	1
269	270	277	357	1
196	201	188	357	1
143	25	26	159	1
161	317	171	356	1
4	3	33	212	1
27	11	1	184	1
50	14	19	200	1
211	216	203	337	1
2	9	29	182	1
204	34	33	144	1
290	287	283	339	1
16	15	215	53	1
23	13	46	170	1
290	283	287	343	1
177	91	62	182	1
91	275	92	194	1
273	281	90	347	1
103	167	249	44	1
266	145	42	151	1
238	195	50	333	1
164	119	307	120	1
267	274	279	346	1
282	289	288	355	1
41	299	143	155	1
91	197	90	273	1
90	182	91	273	1
119	168	305	118	1
69	263	251	340	1
250	265	37	341	1
19	14	49	185	1
240	233	232	358	1
177	173	176	354	1
147	139	140	359	1
243	69	251	237	1
162	343	319	344	1
161	171	163	356	1
24	6	0	169	1
32	3	4	199	1
186	181	176	314	1
35	6	38	296	1
32	4	36	264	1
150	265	37	338	1
119	178	59	184	1
258	251	263	340	1
47	179	235	48	1
257	265	250	341	1
20	12	55	213	1
160	161	163	356	1
279	274	95	346	1
250	37	265	338	1
163	322	355	356	1
68	262	16	52	1
294	55	20	96	1
229	221	222	340	1
128	136	129	341	1
267	279	274	333	1
157	61	122	170	1
200	64	94	188	1
182	173	177	354	1
207	55	213	339	1
158	162	161	344	1
266	130	43	347	1
29	281	43	347	1
167	44	162	343	1
45	236	46	165	1
58	102	167	158	1
213	102	58	202	1
299	142	152	41	1
53	210	237	54	1
195	51	238	50	1
313	305	299	336	1
203	74	67	215	1
250	265	257	338	1
161	162	166	344	1
266	43	281	347	1
263	81	258	340	1
305	313	299	335	1
24	169	163	355	1
257	76	265	341	1
223	267	82	83	1
217	96	283	97	1
250	37	36	128	1
282	39	38	124	1
68	221	69	251	1
266	42	43	130	1
223	267	83	346	1
168	155	26	336	1
18	231	278	82	1
8	42	280	138	1
143	155	299	336	1
67	74	187	198	1
95	274	279	333	1
246	83	267	279	1
281	153	43	266	1
169	56	160	99	1
205	56	214	99	1
199	65	71	190	1
50	200	246	333	1
281	266	273	334	1
267	279	83	346	1
257	265	76	338	1
305	313	118	336	1
173	182	29	347	1
83	279	49	346	1
168	305	118	336	1
184	27	152	335	1
281	9	29	43	1
273	90	182	347	1
118	313	305	335	1
49	185	172	346	1
281	29	182	347	1
56	169	98	99	1
98	214	56	99	1
65	70	199	71	1
65	212	70	71	1
153	197	30	334	1
102	167	103	58	1
103	213	102	58	1
238	246	267	333	1
123	122	61	170	1
64	95	200	94	1
64	185	95	94	1
29	43	130	347	1
183	122	61	123	1
90	281	273	334	1
118	119	59	184	1
119	59	168	118	1
83	19	49	279	1
40	148	10	312	1
215	74	67	75	1
197	90	273	334	1
299	152	142	335	1
198	67	74	75	1
10	40	312	149	1
197	62	91	90	1
182	91	62	90	1
218	249	96	283	1
125	38	156	282	1
184	175	27	335	1
145	266	153	334	1
236	298	110	111	1
26	155	143	336	1
143	40	299	41	1
279	185	49	346	1
83	49	223	346	1
111	298	110	235	1
37	144	150	338	1
142	299	40	41	1
37	250	144	338	1
174	122	61	183	1
185	64	180	94	1
278	244	18	82	1
280	42	8	151	1
311	248	23	111	1
238	50	246	333	1
212	65	209	71	1
83	267	238	246	1
145	43	153	266	1
142	152	27	335	1
144	127	150	338	1
164	119	59	168	1
168	26	159	336	1
30	145	153	334	1
194	62	91	197	1
111	23	311	245	1
195	200	50	333	1
197	189	30	334	1
37	5	136	265	1
263	69	17	229	1
39	297	7	132	1
295	97	21	225	1
283	96	218	97	1
39	38	125	282	1
310	241	22	110	1
22	310	110	242	1
38	6	156	296	1
96	20	294	249	1
238	82	267	83	1
144	37	36	250	1
251	69	68	237	1
43	145	42	266	1
7	141	297	39	1
97	21	234	295	1
36	4	154	264	1
16	262	68	247	1
5	37	150	265	1
17	69	263	243	1
313	41	11	155	1
41	11	152	313	1
246	19	83	279	1
9	281	153	43	1
253	315	192	260	1
192	315	253	191	1
349	193	201	321	1
349	201	193	315	1
348	192	196	315	1
348	196	192	320	1
303	166	157	165	1
303	157	166	301	1
318	255	251	258	1
318	251	255	210	1
332	325	319	116	1
332	319	325	108	1
327	332	317	115	1
317	332	327	107	1
351	257	316	77	1
351	316	257	338	1
348	327	315	87	1
348	315	327	79	1
358	231	18	232	1
358	18	231	89	1
359	138	8	84	1
359	8	138	139	1
349	327	315	78	1
349	315	327	86	1
327	350	317	106	1
317	350	327	114	1
325	348	320	88	1
320	348	325	80	1
326	349	321	77	1
321	349	326	85	1
326	350	322	113	1
322	350	326	105	1
252	316	204	259	1
204	316	252	216	1
336	149	299	143	1
336	299	149	312	1
303	319	298	306	1
298	319	303	165	1
178	175	324	176	1
324	175	178	307	1
324	300	178	176	1
178	300	324	307	1
330	323	358	116	1
330	358	323	88	1
337	72	252	209	1
337	252	72	261	1
347	138	266	130	1
347	266	138	280	1
270	194	188	92	1
270	188	194	357	1
346	231	267	278	1
346	267	231	223	1
323	303	298	306	1
323	298	303	179	1
119	335	118	305	1
118	335	119	184	1
333	94	95	274	1
333	95	94	200	1
94	346	95	274	1
95	346	94	185	1
336	126	149	143	1
336	149	126	322	1
181	93	276	180	1
181	276	93	270	1
339	328	206	207	1
206	328	339	285	1
206	202	339	207	1
339	202	206	285	1
236	311	111	248	1
111	311	236	298	1
333	222	244	238	1
333	244	222	320	1
335	131	148	324	1
335	148	131	142	1
334	129	151	321	1
334	151	129	145	1
346	180	276	94	1
346	276	180	172	1
357	194	275	201	1
357	275	194	270	1
270	92	181	177	1
270	181	92	93	1
180	181	92	177	1
180	92	181	93	1
311	235	111	245	1
111	235	311	298	1
237	262	68	251	1
237	68	262	247	1
264	144	36	250	1
264	36	144	154	1
142	312	40	299	1
40	312	142	148	1
337	73	72	203	1
337	72	73	261	1
151	266	334	280	1
151	334	266	145	1
238	278	82	244	1
238	82	278	267	1
270	188	276	93	1
270	276	188	357	1
346	48	323	172	1
346	323	48	223	1
334	31	30	145	1
334	30	31	189	1
347	28	324	130	1
347	324	28	173	1
246	200	19	95	1
19	200	246	50	1
247	215	16	75	1
16	215	247	53	1
281	182	9	90	1
281	9	182	29	1
118	26	1	168	1
118	1	26	11	1
90	30	2	9	1
90	2	30	197	1
47	123	13	23	1
47	13	123	183	1
184	11	152	27	1
184	152	11	118	1
4	212	154	70	1
154	212	4	33	1
23	170	248	123	1
248	170	23	46	1
185	279	19	95	1
185	19	279	49	1
169	6	156	24	1
169	156	6	98	1
98	35	0	214	1
98	0	35	6	1
199	4	264	70	1
199	264	4	32	1
52	75	15	198	1
52	15	75	16	1
44	103	12	20	1
44	12	103	167	1
20	213	294	103	1
294	213	20	55	1
