729
0	0	0	21
0.125	0	0	20
0.25	0	0	20
0.375	0	0	20
0.5	0	0	20
0.625	0	0	20
0.75	0	0	20
0.875	0	0	20
1	0	0	22
0	0.125	0	17
0.125	0.125	0	16
0.25	0.125	0	16
0.375	0.125	0	16
0.5	0.125	0	16
0.625	0.125	0	16
0.75	0.125	0	16
0.875	0.125	0	16
1	0.125	0	18
0	0.25	0	17
0.125	0.25	0	16
0.25	0.25	0	16
0.375	0.25	0	16
0.5	0.25	0	16
0.625	0.25	0	16
0.75	0.25	0	16
0.875	0.25	0	16
1	0.25	0	18
0	0.375	0	17
0.125	0.375	0	16
0.25	0.375	0	16
0.375	0.375	0	16
0.5	0.375	0	16
0.625	0.375	0	16
0.75	0.375	0	16
0.875	0.375	0	16
1	0.375	0	18
0	0.5	0	17
0.125	0.5	0	16
0.25	0.5	0	16
0.375	0.5	0	16
0.5	0.5	0	16
0.625	0.5	0	16
0.75	0.5	0	16
0.875	0.5	0	16
1	0.5	0	18
0	0.625	0	17
0.125	0.625	0	16
0.25	0.625	0	16
0.375	0.625	0	16
0.5	0.625	0	16
0.625	0.625	0	16
0.75	0.625	0	16
0.875	0.625	0	16
1	0.625	0	18
0	0.75	0	17
0.125	0.75	0	16
0.25	0.75	0	16
0.375	0.75	0	16
0.5	0.75	0	16
0.625	0.75	0	16
0.75	0.75	0	16
0.875	0.75	0	16
1	0.75	0	18
0	0.875	0	17
0.125	0.875	0	16
0.25	0.875	0	16
0.375	0.875	0	16
0.5	0.875	0	16
0.625	0.875	0	16
0.75	0.875	0	16
0.875	0.875	0	16
1	0.875	0	18
0	1	0	25
0.125	1	0	24
0.25	1	0	24
0.375	1	0	24
0.5	1	0	24
0.625	1	0	24
0.75	1	0	24
0.875	1	0	24
1	1	0	26
0	0	0.125	5
0.125	0	0.125	4
0.25	0	0.125	4
0.375	0	0.125	4
0.5	0	0.125	4
0.625	0	0.125	4
0.75	0	0.125	4
0.875	0	0.125	4
1	0	0.125	6
0	0.125	0.125	1
0.125	0.125	0.125	0
0.25	0.125	0.125	0
0.375	0.125	0.125	0
0.5	0.125	0.125	0
0.625	0.125	0.125	0
0.75	0.125	0.125	0
0.875	0.125	0.125	0
1	0.125	0.125	2
0	0.25	0.125	1
0.125	0.25	0.125	0
0.25	0.25	0.125	0
0.375	0.25	0.125	0
0.5	0.25	0.125	0
0.625	0.25	0.125	0
0.75	0.25	0.125	0
0.875	0.25	0.125	0
1	0.25	0.125	2
0	0.375	0.125	1
0.125	0.375	0.125	0
0.25	0.375	0.125	0
0.375	0.375	0.125	0
0.5	0.375	0.125	0
0.625	0.375	0.125	0
0.75	0.375	0.125	0
0.875	0.375	0.125	0
1	0.375	0.125	2
0	0.5	0.125	1
0.125	0.5	0.125	0
0.25	0.5	0.125	0
0.375	0.5	0.125	0
0.5	0.5	0.125	0
0.625	0.5	0.125	0
0.75	0.5	0.125	0
0.875	0.5	0.125	0
1	0.5	0.125	2
0	0.625	0.125	1
0.125	0.625	0.125	0
0.25	0.625	0.125	0
0.375	0.625	0.125	0
0.5	0.625	0.125	0
0.625	0.625	0.125	0
0.75	0.625	0.125	0
0.875	0.625	0.125	0
1	0.625	0.125	2
0	0.75	0.125	1
0.125	0.75	0.125	0
0.25	0.75	0.125	0
0.375	0.75	0.125	0
0.5	0.75	0.125	0
0.625	0.75	0.125	0
0.75	0.75	0.125	0
0.875	0.75	0.125	0
1	0.75	0.125	2
0	0.875	0.125	1
0.125	0.875	0.125	0
0.25	0.875	0.125	0
0.375	0.875	0.125	0
0.5	0.875	0.125	0
0.625	0.875	0.125	0
0.75	0.875	0.125	0
0.875	0.875	0.125	0
1	0.875	0.125	2
0	1	0.125	9
0.125	1	0.125	8
0.25	1	0.125	8
0.375	1	0.125	8
0.5	1	0.125	8
0.625	1	0.125	8
0.75	1	0.125	8
0.875	1	0.125	8
1	1	0.125	10
0	0	0.25	5
0.125	0	0.25	4
0.25	0	0.25	4
0.375	0	0.25	4
0.5	0	0.25	4
0.625	0	0.25	4
0.75	0	0.25	4
0.875	0	0.25	4
1	0	0.25	6
0	0.125	0.25	1
0.125	0.125	0.25	0
0.25	0.125	0.25	0
0.375	0.125	0.25	0
0.5	0.125	0.25	0
0.625	0.125	0.25	0
0.75	0.125	0.25	0
0.875	0.125	0.25	0
1	0.125	0.25	2
0	0.25	0.25	1
0.125	0.25	0.25	0
0.25	0.25	0.25	0
0.375	0.25	0.25	0
0.5	0.25	0.25	0
0.625	0.25	0.25	0
0.75	0.25	0.25	0
0.875	0.25	0.25	0
1	0.25	0.25	2
0	0.375	0.25	1
0.125	0.375	0.25	0
0.25	0.375	0.25	0
0.375	0.375	0.25	0
0.5	0.375	0.25	0
0.625	0.375	0.25	0
0.75	0.375	0.25	0
0.875	0.375	0.25	0
1	0.375	0.25	2
0	0.5	0.25	1
0.125	0.5	0.25	0
0.25	0.5	0.25	0
0.375	0.5	0.25	0
0.5	0.5	0.25	0
0.625	0.5	0.25	0
0.75	0.5	0.25	0
0.875	0.5	0.25	0
1	0.5	0.25	2
0	0.625	0.25	1
0.125	0.625	0.25	0
0.25	0.625	0.25	0
0.375	0.625	0.25	0
0.5	0.625	0.25	0
0.625	0.625	0.25	0
0.75	0.625	0.25	0
0.875	0.625	0.25	0
1	0.625	0.25	2
0	0.75	0.25	1
0.125	0.75	0.25	0
0.25	0.75	0.25	0
0.375	0.75	0.25	0
0.5	0.75	0.25	0
0.625	0.75	0.25	0
0.75	0.75	0.25	0
0.875	0.75	0.25	0
1	0.75	0.25	2
0	0.875	0.25	1
0.125	0.875	0.25	0
0.25	0.875	0.25	0
0.375	0.875	0.25	0
0.5	0.875	0.25	0
0.625	0.875	0.25	0
0.75	0.875	0.25	0
0.875	0.875	0.25	0
1	0.875	0.25	2
0	1	0.25	9
0.125	1	0.25	8
0.25	1	0.25	8
0.375	1	0.25	8
0.5	1	0.25	8
0.625	1	0.25	8
0.75	1	0.25	8
0.875	1	0.25	8
1	1	0.25	10
0	0	0.375	5
0.125	0	0.375	4
0.25	0	0.375	4
0.375	0	0.375	4
0.5	0	0.375	4
0.625	0	0.375	4
0.75	0	0.375	4
0.875	0	0.375	4
1	0	0.375	6
0	0.125	0.375	1
0.125	0.125	0.375	0
0.25	0.125	0.375	0
0.375	0.125	0.375	0
0.5	0.125	0.375	0
0.625	0.125	0.375	0
0.75	0.125	0.375	0
0.875	0.125	0.375	0
1	0.125	0.375	2
0	0.25	0.375	1
0.125	0.25	0.375	0
0.25	0.25	0.375	0
0.375	0.25	0.375	0
0.5	0.25	0.375	0
0.625	0.25	0.375	0
0.75	0.25	0.375	0
0.875	0.25	0.375	0
1	0.25	0.375	2
0	0.375	0.375	1
0.125	0.375	0.375	0
0.25	0.375	0.375	0
0.375	0.375	0.375	0
0.5	0.375	0.375	0
0.625	0.375	0.375	0
0.75	0.375	0.375	0
0.875	0.375	0.375	0
1	0.375	0.375	2
0	0.5	0.375	1
0.125	0.5	0.375	0
0.25	0.5	0.375	0
0.375	0.5	0.375	0
0.5	0.5	0.375	0
0.625	0.5	0.375	0
0.75	0.5	0.375	0
0.875	0.5	0.375	0
1	0.5	0.375	2
0	0.625	0.375	1
0.125	0.625	0.375	0
0.25	0.625	0.375	0
0.375	0.625	0.375	0
0.5	0.625	0.375	0
0.625	0.625	0.375	0
0.75	0.625	0.375	0
0.875	0.625	0.375	0
1	0.625	0.375	2
0	0.75	0.375	1
0.125	0.75	0.375	0
0.25	0.75	0.375	0
0.375	0.75	0.375	0
0.5	0.75	0.375	0
0.625	0.75	0.375	0
0.75	0.75	0.375	0
0.875	0.75	0.375	0
1	0.75	0.375	2
0	0.875	0.375	1
0.125	0.875	0.375	0
0.25	0.875	0.375	0
0.375	0.875	0.375	0
0.5	0.875	0.375	0
0.625	0.875	0.375	0
0.75	0.875	0.375	0
0.875	0.875	0.375	0
1	0.875	0.375	2
0	1	0.375	9
0.125	1	0.375	8
0.25	1	0.375	8
0.375	1	0.375	8
0.5	1	0.375	8
0.625	1	0.375	8
0.75	1	0.375	8
0.875	1	0.375	8
1	1	0.375	10
0	0	0.5	5
0.125	0	0.5	4
0.25	0	0.5	4
0.375	0	0.5	4
0.5	0	0.5	4
0.625	0	0.5	4
0.75	0	0.5	4
0.875	0	0.5	4
1	0	0.5	6
0	0.125	0.5	1
0.125	0.125	0.5	0
0.25	0.125	0.5	0
0.375	0.125	0.5	0
0.5	0.125	0.5	0
0.625	0.125	0.5	0
0.75	0.125	0.5	0
0.875	0.125	0.5	0
1	0.125	0.5	2
0	0.25	0.5	1
0.125	0.25	0.5	0
0.25	0.25	0.5	0
0.375	0.25	0.5	0
0.5	0.25	0.5	0
0.625	0.25	0.5	0
0.75	0.25	0.5	0
0.875	0.25	0.5	0
1	0.25	0.5	2
0	0.375	0.5	1
0.125	0.375	0.5	0
0.25	0.375	0.5	0
0.375	0.375	0.5	0
0.5	0.375	0.5	0
0.625	0.375	0.5	0
0.75	0.375	0.5	0
0.875	0.375	0.5	0
1	0.375	0.5	2
0	0.5	0.5	1
0.125	0.5	0.5	0
0.25	0.5	0.5	0
0.375	0.5	0.5	0
0.5	0.5	0.5	0
0.625	0.5	0.5	0
0.75	0.5	0.5	0
0.875	0.5	0.5	0
1	0.5	0.5	2
0	0.625	0.5	1
0.125	0.625	0.5	0
0.25	0.625	0.5	0
0.375	0.625	0.5	0
0.5	0.625	0.5	0
0.625	0.625	0.5	0
0.75	0.625	0.5	0
0.875	0.625	0.5	0
1	0.625	0.5	2
0	0.75	0.5	1
0.125	0.75	0.5	0
0.25	0.75	0.5	0
0.375	0.75	0.5	0
0.5	0.75	0.5	0
0.625	0.75	0.5	0
0.75	0.75	0.5	0
0.875	0.75	0.5	0
1	0.75	0.5	2
0	0.875	0.5	1
0.125	0.875	0.5	0
0.25	0.875	0.5	0
0.375	0.875	0.5	0
0.5	0.875	0.5	0
0.625	0.875	0.5	0
0.75	0.875	0.5	0
0.875	0.875	0.5	0
1	0.875	0.5	2
0	1	0.5	9
0.125	1	0.5	8
0.25	1	0.5	8
0.375	1	0.5	8
0.5	1	0.5	8
0.625	1	0.5	8
0.75	1	0.5	8
0.875	1	0.5	8
1	1	0.5	10
0	0	0.625	5
0.125	0	0.625	4
0.25	0	0.625	4
0.375	0	0.625	4
0.5	0	0.625	4
0.625	0	0.625	4
0.75	0	0.625	4
0.875	0	0.625	4
1	0	0.625	6
0	0.125	0.625	1
0.125	0.125	0.625	0
0.25	0.125	0.625	0
0.375	0.125	0.625	0
0.5	0.125	0.625	0
0.625	0.125	0.625	0
0.75	0.125	0.625	0
0.875	0.125	0.625	0
1	0.125	0.625	2
0	0.25	0.625	1
0.125	0.25	0.625	0
0.25	0.25	0.625	0
0.375	0.25	0.625	0
0.5	0.25	0.625	0
0.625	0.25	0.625	0
0.75	0.25	0.625	0
0.875	0.25	0.625	0
1	0.25	0.625	2
0	0.375	0.625	1
0.125	0.375	0.625	0
0.25	0.375	0.625	0
0.375	0.375	0.625	0
0.5	0.375	0.625	0
0.625	0.375	0.625	0
0.75	0.375	0.625	0
0.875	0.375	0.625	0
1	0.375	0.625	2
0	0.5	0.625	1
0.125	0.5	0.625	0
0.25	0.5	0.625	0
0.375	0.5	0.625	0
0.5	0.5	0.625	0
0.625	0.5	0.625	0
0.75	0.5	0.625	0
0.875	0.5	0.625	0
1	0.5	0.625	2
0	0.625	0.625	1
0.125	0.625	0.625	0
0.25	0.625	0.625	0
0.375	0.625	0.625	0
0.5	0.625	0.625	0
0.625	0.625	0.625	0
0.75	0.625	0.625	0
0.875	0.625	0.625	0
1	0.625	0.625	2
0	0.75	0.625	1
0.125	0.75	0.625	0
0.25	0.75	0.625	0
0.375	0.75	0.625	0
0.5	0.75	0.625	0
0.625	0.75	0.625	0
0.75	0.75	0.625	0
0.875	0.75	0.625	0
1	0.75	0.625	2
0	0.875	0.625	1
0.125	0.875	0.625	0
0.25	0.875	0.625	0
0.375	0.875	0.625	0
0.5	0.875	0.625	0
0.625	0.875	0.625	0
0.75	0.875	0.625	0
0.875	0.875	0.625	0
1	0.875	0.625	2
0	1	0.625	9
0.125	1	0.625	8
0.25	1	0.625	8
0.375	1	0.625	8
0.5	1	0.625	8
0.625	1	0.625	8
0.75	1	0.625	8
0.875	1	0.625	8
1	1	0.625	10
0	0	0.75	5
0.125	0	0.75	4
0.25	0	0.75	4
0.375	0	0.75	4
0.5	0	0.75	4
0.625	0	0.75	4
0.75	0	0.75	4
0.875	0	0.75	4
1	0	0.75	6
0	0.125	0.75	1
0.125	0.125	0.75	0
0.25	0.125	0.75	0
0.375	0.125	0.75	0
0.5	0.125	0.75	0
0.625	0.125	0.75	0
0.75	0.125	0.75	0
0.875	0.125	0.75	0
1	0.125	0.75	2
0	0.25	0.75	1
0.125	0.25	0.75	0
0.25	0.25	0.75	0
0.375	0.25	0.75	0
0.5	0.25	0.75	0
0.625	0.25	0.75	0
0.75	0.25	0.75	0
0.875	0.25	0.75	0
1	0.25	0.75	2
0	0.375	0.75	1
0.125	0.375	0.75	0
0.25	0.375	0.75	0
0.375	0.375	0.75	0
0.5	0.375	0.75	0
0.625	0.375	0.75	0
0.75	0.375	0.75	0
0.875	0.375	0.75	0
1	0.375	0.75	2
0	0.5	0.75	1
0.125	0.5	0.75	0
0.25	0.5	0.75	0
0.375	0.5	0.75	0
0.5	0.5	0.75	0
0.625	0.5	0.75	0
0.75	0.5	0.75	0
0.875	0.5	0.75	0
1	0.5	0.75	2
0	0.625	0.75	1
0.125	0.625	0.75	0
0.25	0.625	0.75	0
0.375	0.625	0.75	0
0.5	0.625	0.75	0
0.625	0.625	0.75	0
0.75	0.625	0.75	0
0.875	0.625	0.75	0
1	0.625	0.75	2
0	0.75	0.75	1
0.125	0.75	0.75	0
0.25	0.75	0.75	0
0.375	0.75	0.75	0
0.5	0.75	0.75	0
0.625	0.75	0.75	0
0.75	0.75	0.75	0
0.875	0.75	0.75	0
1	0.75	0.75	2
0	0.875	0.75	1
0.125	0.875	0.75	0
0.25	0.875	0.75	0
0.375	0.875	0.75	0
0.5	0.875	0.75	0
0.625	0.875	0.75	0
0.75	0.875	0.75	0
0.875	0.875	0.75	0
1	0.875	0.75	2
0	1	0.75	9
0.125	1	0.75	8
0.25	1	0.75	8
0.375	1	0.75	8
0.5	1	0.75	8
0.625	1	0.75	8
0.75	1	0.75	8
0.875	1	0.75	8
1	1	0.75	10
0	0	0.875	5
0.125	0	0.875	4
0.25	0	0.875	4
0.375	0	0.875	4
0.5	0	0.875	4
0.625	0	0.875	4
0.75	0	0.875	4
0.875	0	0.875	4
1	0	0.875	6
0	0.125	0.875	1
0.125	0.125	0.875	0
0.25	0.125	0.875	0
0.375	0.125	0.875	0
0.5	0.125	0.875	0
0.625	0.125	0.875	0
0.75	0.125	0.875	0
0.875	0.125	0.875	0
1	0.125	0.875	2
0	0.25	0.875	1
0.125	0.25	0.875	0
0.25	0.25	0.875	0
0.375	0.25	0.875	0
0.5	0.25	0.875	0
0.625	0.25	0.875	0
0.75	0.25	0.875	0
0.875	0.25	0.875	0
1	0.25	0.875	2
0	0.375	0.875	1
0.125	0.375	0.875	0
0.25	0.375	0.875	0
0.375	0.375	0.875	0
0.5	0.375	0.875	0
0.625	0.375	0.875	0
0.75	0.375	0.875	0
0.875	0.375	0.875	0
1	0.375	0.875	2
0	0.5	0.875	1
0.125	0.5	0.875	0
0.25	0.5	0.875	0
0.375	0.5	0.875	0
0.5	0.5	0.875	0
0.625	0.5	0.875	0
0.75	0.5	0.875	0
0.875	0.5	0.875	0
1	0.5	0.875	2
0	0.625	0.875	1
0.125	0.625	0.875	0
0.25	0.625	0.875	0
0.375	0.625	0.875	0
0.5	0.625	0.875	0
0.625	0.625	0.875	0
0.75	0.625	0.875	0
0.875	0.625	0.875	0
1	0.625	0.875	2
0	0.75	0.875	1
0.125	0.75	0.875	0
0.25	0.75	0.875	0
0.375	0.75	0.875	0
0.5	0.75	0.875	0
0.625	0.75	0.875	0
0.75	0.75	0.875	0
0.875	0.75	0.875	0
1	0.75	0.875	2
0	0.875	0.875	1
0.125	0.875	0.875	0
0.25	0.875	0.875	0
0.375	0.875	0.875	0
0.5	0.875	0.875	0
0.625	0.875	0.875	0
0.75	0.875	0.875	0
0.875	0.875	0.875	0
1	0.875	0.875	2
0	1	0.875	9
0.125	1	0.875	8
0.25	1	0.875	8
0.375	1	0.875	8
0.5	1	0.875	8
0.625	1	0.875	8
0.75	1	0.875	8
0.875	1	0.875	8
1	1	0.875	10
0	0	1	37
0.125	0	1	36
0.25	0	1	36
0.375	0	1	36
0.5	0	1	36
0.625	0	1	36
0.75	0	1	36
0.875	0	1	36
1	0	1	38
0	0.125	1	33
0.125	0.125	1	32
0.25	0.125	1	32
0.375	0.125	1	32
0.5	0.125	1	32
0.625	0.125	1	32
0.75	0.125	1	32
0.875	0.125	1	32
1	0.125	1	34
0	0.25	1	33
0.125	0.25	1	32
0.25	0.25	1	32
0.375	0.25	1	32
0.5	0.25	1	32
0.625	0.25	1	32
0.75	0.25	1	32
0.875	0.25	1	32
1	0.25	1	34
0	0.375	1	33
0.125	0.375	1	32
0.25	0.375	1	32
0.375	0.375	1	32
0.5	0.375	1	32
0.625	0.375	1	32
0.75	0.375	1	32
0.875	0.375	1	32
1	0.375	1	34
0	0.5	1	33
0.125	0.5	1	32
0.25	0.5	1	32
0.375	0.5	1	32
0.5	0.5	1	32
0.625	0.5	1	32
0.75	0.5	1	32
0.875	0.5	1	32
1	0.5	1	34
0	0.625	1	33
0.125	0.625	1	32
0.25	0.625	1	32
0.375	0.625	1	32
0.5	0.625	1	32
0.625	0.625	1	32
0.75	0.625	1	32
0.875	0.625	1	32
1	0.625	1	34
0	0.75	1	33
0.125	0.75	1	32
0.25	0.75	1	32
0.375	0.75	1	32
0.5	0.75	1	32
0.625	0.75	1	32
0.75	0.75	1	32
0.875	0.75	1	32
1	0.75	1	34
0	0.875	1	33
0.125	0.875	1	32
0.25	0.875	1	32
0.375	0.875	1	32
0.5	0.875	1	32
0.625	0.875	1	32
0.75	0.875	1	32
0.875	0.875	1	32
1	0.875	1	34
0	1	1	41
0.125	1	1	40
0.25	1	1	40
0.375	1	1	40
0.5	1	1	40
0.625	1	1	40
0.75	1	1	40
0.875	1	1	40
1	1	1	42
3072
82	1	91	92	-1
1	82	83	92	-1
2	1	83	92	-1
1	2	11	92	-1
10	1	11	92	-1
1	10	91	92	-1
83	2	92	93	-1
2	83	84	93	-1
3	2	84	93	-1
2	3	12	93	-1
11	2	12	93	-1
2	11	92	93	-1
84	3	93	94	-1
3	84	85	94	-1
4	3	85	94	-1
3	4	13	94	-1
12	3	13	94	-1
3	12	93	94	-1
85	4	94	95	-1
4	85	86	95	-1
5	4	86	95	-1
4	5	14	95	-1
13	4	14	95	-1
4	13	94	95	-1
86	5	95	96	-1
5	86	87	96	-1
6	5	87	96	-1
5	6	15	96	-1
14	5	15	96	-1
5	14	95	96	-1
87	6	96	97	-1
6	87	88	97	-1
7	6	88	97	-1
6	7	16	97	-1
15	6	16	97	-1
6	15	96	97	-1
88	7	97	98	-1
7	88	89	98	-1
8	7	89	98	-1
7	8	17	98	-1
16	7	17	98	-1
7	16	97	98	-1
89	8	98	99	-1
8	89	90	99	-1
9	8	90	99	-1
8	9	18	99	-1
17	8	18	99	-1
8	17	98	99	-1
91	10	100	101	-1
10	91	92	101	-1
11	10	92	101	-1
10	11	20	101	-1
19	10	20	101	-1
10	19	100	101	-1
92	11	101	102	-1
11	92	93	102	-1
12	11	93	102	-1
11	12	21	102	-1
20	11	21	102	-1
11	20	101	102	-1
93	12	102	103	-1
12	93	94	103	-1
13	12	94	103	-1
12	13	22	103	-1
21	12	22	103	-1
12	21	102	103	-1
94	13	103	104	-1
13	94	95	104	-1
14	13	95	104	-1
13	14	23	104	-1
22	13	23	104	-1
13	22	103	104	-1
95	14	104	105	-1
14	95	96	105	-1
15	14	96	105	-1
14	15	24	105	-1
23	14	24	105	-1
14	23	104	105	-1
96	15	105	106	-1
15	96	97	106	-1
16	15	97	106	-1
15	16	25	106	-1
24	15	25	106	-1
15	24	105	106	-1
97	16	106	107	-1
16	97	98	107	-1
17	16	98	107	-1
16	17	26	107	-1
25	16	26	107	-1
16	25	106	107	-1
98	17	107	108	-1
17	98	99	108	-1
18	17	99	108	-1
17	18	27	108	-1
26	17	27	108	-1
17	26	107	108	-1
100	19	109	110	-1
19	100	101	110	-1
20	19	101	110	-1
19	20	29	110	-1
28	19	29	110	-1
19	28	109	110	-1
101	20	110	111	-1
20	101	102	111	-1
21	20	102	111	-1
20	21	30	111	-1
29	20	30	111	-1
20	29	110	111	-1
102	21	111	112	-1
21	102	103	112	-1
22	21	103	112	-1
21	22	31	112	-1
30	21	31	112	-1
21	30	111	112	-1
103	22	112	113	-1
22	103	104	113	-1
23	22	104	113	-1
22	23	32	113	-1
31	22	32	113	-1
22	31	112	113	-1
104	23	113	114	-1
23	104	105	114	-1
24	23	105	114	-1
23	24	33	114	-1
32	23	33	114	-1
23	32	113	114	-1
105	24	114	115	-1
24	105	106	115	-1
25	24	106	115	-1
24	25	34	115	-1
33	24	34	115	-1
24	33	114	115	-1
106	25	115	116	-1
25	106	107	116	-1
26	25	107	116	-1
25	26	35	116	-1
34	25	35	116	-1
25	34	115	116	-1
107	26	116	117	-1
26	107	108	117	-1
27	26	108	117	-1
26	27	36	117	-1
35	26	36	117	-1
26	35	116	117	-1
109	28	118	119	-1
28	109	110	119	-1
29	28	110	119	-1
28	29	38	119	-1
37	28	38	119	-1
28	37	118	119	-1
110	29	119	120	-1
29	110	111	120	-1
30	29	111	120	-1
29	30	39	120	-1
38	29	39	120	-1
29	38	119	120	-1
111	30	120	121	-1
30	111	112	121	-1
31	30	112	121	-1
30	31	40	121	-1
39	30	40	121	-1
30	39	120	121	-1
112	31	121	122	-1
31	112	113	122	-1
32	31	113	122	-1
31	32	41	122	-1
40	31	41	122	-1
31	40	121	122	-1
113	32	122	123	-1
32	113	114	123	-1
33	32	114	123	-1
32	33	42	123	-1
41	32	42	123	-1
32	41	122	123	-1
114	33	123	124	-1
33	114	115	124	-1
34	33	115	124	-1
33	34	43	124	-1
42	33	43	124	-1
33	42	123	124	-1
115	34	124	125	-1
34	115	116	125	-1
35	34	116	125	-1
34	35	44	125	-1
43	34	44	125	-1
34	43	124	125	-1
116	35	125	126	-1
35	116	117	126	-1
36	35	117	126	-1
35	36	45	126	-1
44	35	45	126	-1
35	44	125	126	-1
118	37	127	128	-1
37	118	119	128	-1
38	37	119	128	-1
37	38	47	128	-1
46	37	47	128	-1
37	46	127	128	-1
119	38	128	129	-1
38	119	120	129	-1
39	38	120	129	-1
38	39	48	129	-1
47	38	48	129	-1
38	47	128	129	-1
120	39	129	130	-1
39	120	121	130	-1
40	39	121	130	-1
39	40	49	130	-1
48	39	49	130	-1
39	48	129	130	-1
121	40	130	131	-1
40	121	122	131	-1
41	40	122	131	-1
40	41	50	131	-1
49	40	50	131	-1
40	49	130	131	-1
122	41	131	132	-1
41	122	123	132	-1
42	41	123	132	-1
41	42	51	132	-1
50	41	51	132	-1
41	50	131	132	-1
123	42	132	133	-1
42	123	124	133	-1
43	42	124	133	-1
42	43	52	133	-1
51	42	52	133	-1
42	51	132	133	-1
124	43	133	134	-1
43	124	125	134	-1
44	43	125	134	-1
43	44	53	134	-1
52	43	53	134	-1
43	52	133	134	-1
125	44	134	135	-1
44	125	126	135	-1
45	44	126	135	-1
44	45	54	135	-1
53	44	54	135	-1
44	53	134	135	-1
127	46	136	137	-1
46	127	128	137	-1
47	46	128	137	-1
46	47	56	137	-1
55	46	56	137	-1
46	55	136	137	-1
128	47	137	138	-1
47	128	129	138	-1
48	47	129	138	-1
47	48	57	138	-1
56	47	57	138	-1
47	56	137	138	-1
129	48	138	139	-1
48	129	130	139	-1
49	48	130	139	-1
48	49	58	139	-1
57	48	58	139	-1
48	57	138	139	-1
130	49	139	140	-1
49	130	131	140	-1
50	49	131	140	-1
49	50	59	140	-1
58	49	59	140	-1
49	58	139	140	-1
131	50	140	141	-1
50	131	132	141	-1
51	50	132	141	-1
50	51	60	141	-1
59	50	60	141	-1
50	59	140	141	-1
132	51	141	142	-1
51	132	133	142	-1
52	51	133	142	-1
51	52	61	142	-1
60	51	61	142	-1
51	60	141	142	-1
133	52	142	143	-1
52	133	134	143	-1
53	52	134	143	-1
52	53	62	143	-1
61	52	62	143	-1
52	61	142	143	-1
134	53	143	144	-1
53	134	135	144	-1
54	53	135	144	-1
53	54	63	144	-1
62	53	63	144	-1
53	62	143	144	-1
136	55	145	146	-1
55	136	137	146	-1
56	55	137	146	-1
55	56	65	146	-1
64	55	65	146	-1
55	64	145	146	-1
137	56	146	147	-1
56	137	138	147	-1
57	56	138	147	-1
56	57	66	147	-1
65	56	66	147	-1
56	65	146	147	-1
138	57	147	148	-1
57	138	139	148	-1
58	57	139	148	-1
57	58	67	148	-1
66	57	67	148	-1
57	66	147	148	-1
139	58	148	149	-1
58	139	140	149	-1
59	58	140	149	-1
58	59	68	149	-1
67	58	68	149	-1
58	67	148	149	-1
140	59	149	150	-1
59	140	141	150	-1
60	59	141	150	-1
59	60	69	150	-1
68	59	69	150	-1
59	68	149	150	-1
141	60	150	151	-1
60	141	142	151	-1
61	60	142	151	-1
60	61	70	151	-1
69	60	70	151	-1
60	69	150	151	-1
142	61	151	152	-1
61	142	143	152	-1
62	61	143	152	-1
61	62	71	152	-1
70	61	71	152	-1
61	70	151	152	-1
143	62	152	153	-1
62	143	144	153	-1
63	62	144	153	-1
62	63	72	153	-1
71	62	72	153	-1
62	71	152	153	-1
145	64	154	155	-1
64	145	146	155	-1
65	64	146	155	-1
64	65	74	155	-1
73	64	74	155	-1
64	73	154	155	-1
146	65	155	156	-1
65	146	147	156	-1
66	65	147	156	-1
65	66	75	156	-1
74	65	75	156	-1
65	74	155	156	-1
147	66	156	157	-1
66	147	148	157	-1
67	66	148	157	-1
66	67	76	157	-1
75	66	76	157	-1
66	75	156	157	-1
148	67	157	158	-1
67	148	149	158	-1
68	67	149	158	-1
67	68	77	158	-1
76	67	77	158	-1
67	76	157	158	-1
149	68	158	159	-1
68	149	150	159	-1
69	68	150	159	-1
68	69	78	159	-1
77	68	78	159	-1
68	77	158	159	-1
150	69	159	160	-1
69	150	151	160	-1
70	69	151	160	-1
69	70	79	160	-1
78	69	79	160	-1
69	78	159	160	-1
151	70	160	161	-1
70	151	152	161	-1
71	70	152	161	-1
70	71	80	161	-1
79	70	80	161	-1
70	79	160	161	-1
152	71	161	162	-1
71	152	153	162	-1
72	71	153	162	-1
71	72	81	162	-1
80	71	81	162	-1
71	80	161	162	-1
163	82	172	173	-1
82	163	164	173	-1
83	82	164	173	-1
82	83	92	173	-1
91	82	92	173	-1
82	91	172	173	-1
164	83	173	174	-1
83	164	165	174	-1
84	83	165	174	-1
83	84	93	174	-1
92	83	93	174	-1
83	92	173	174	-1
165	84	174	175	-1
84	165	166	175	-1
85	84	166	175	-1
84	85	94	175	-1
93	84	94	175	-1
84	93	174	175	-1
166	85	175	176	-1
85	166	167	176	-1
86	85	167	176	-1
85	86	95	176	-1
94	85	95	176	-1
85	94	175	176	-1
167	86	176	177	-1
86	167	168	177	-1
87	86	168	177	-1
86	87	96	177	-1
95	86	96	177	-1
86	95	176	177	-1
168	87	177	178	-1
87	168	169	178	-1
88	87	169	178	-1
87	88	97	178	-1
96	87	97	178	-1
87	96	177	178	-1
169	88	178	179	-1
88	169	170	179	-1
89	88	170	179	-1
88	89	98	179	-1
97	88	98	179	-1
88	97	178	179	-1
170	89	179	180	-1
89	170	171	180	-1
90	89	171	180	-1
89	90	99	180	-1
98	89	99	180	-1
89	98	179	180	-1
172	91	181	182	-1
91	172	173	182	-1
92	91	173	182	-1
91	92	101	182	-1
100	91	101	182	-1
91	100	181	182	-1
173	92	182	183	-1
92	173	174	183	-1
93	92	174	183	-1
92	93	102	183	-1
101	92	102	183	-1
92	101	182	183	-1
174	93	183	184	-1
93	174	175	184	-1
94	93	175	184	-1
93	94	103	184	-1
102	93	103	184	-1
93	102	183	184	-1
175	94	184	185	-1
94	175	176	185	-1
95	94	176	185	-1
94	95	104	185	-1
103	94	104	185	-1
94	103	184	185	-1
176	95	185	186	-1
95	176	177	186	-1
96	95	177	186	-1
95	96	105	186	-1
104	95	105	186	-1
95	104	185	186	-1
177	96	186	187	-1
96	177	178	187	-1
97	96	178	187	-1
96	97	106	187	-1
105	96	106	187	-1
96	105	186	187	-1
178	97	187	188	-1
97	178	179	188	-1
98	97	179	188	-1
97	98	107	188	-1
106	97	107	188	-1
97	106	187	188	-1
179	98	188	189	-1
98	179	180	189	-1
99	98	180	189	-1
98	99	108	189	-1
107	98	108	189	-1
98	107	188	189	-1
181	100	190	191	-1
100	181	182	191	-1
101	100	182	191	-1
100	101	110	191	-1
109	100	110	191	-1
100	109	190	191	-1
182	101	191	192	-1
101	182	183	192	-1
102	101	183	192	-1
101	102	111	192	-1
110	101	111	192	-1
101	110	191	192	-1
183	102	192	193	-1
102	183	184	193	-1
103	102	184	193	-1
102	103	112	193	-1
111	102	112	193	-1
102	111	192	193	-1
184	103	193	194	-1
103	184	185	194	-1
104	103	185	194	-1
103	104	113	194	-1
112	103	113	194	-1
103	112	193	194	-1
185	104	194	195	-1
104	185	186	195	-1
105	104	186	195	-1
104	105	114	195	-1
113	104	114	195	-1
104	113	194	195	-1
186	105	195	196	-1
105	186	187	196	-1
106	105	187	196	-1
105	106	115	196	-1
114	105	115	196	-1
105	114	195	196	-1
187	106	196	197	-1
106	187	188	197	-1
107	106	188	197	-1
106	107	116	197	-1
115	106	116	197	-1
106	115	196	197	-1
188	107	197	198	-1
107	188	189	198	-1
108	107	189	198	-1
107	108	117	198	-1
116	107	117	198	-1
107	116	197	198	-1
190	109	199	200	-1
109	190	191	200	-1
110	109	191	200	-1
109	110	119	200	-1
118	109	119	200	-1
109	118	199	200	-1
191	110	200	201	-1
110	191	192	201	-1
111	110	192	201	-1
110	111	120	201	-1
119	110	120	201	-1
110	119	200	201	-1
192	111	201	202	-1
111	192	193	202	-1
112	111	193	202	-1
111	112	121	202	-1
120	111	121	202	-1
111	120	201	202	-1
193	112	202	203	-1
112	193	194	203	-1
113	112	194	203	-1
112	113	122	203	-1
121	112	122	203	-1
112	121	202	203	-1
194	113	203	204	-1
113	194	195	204	-1
114	113	195	204	-1
113	114	123	204	-1
122	113	123	204	-1
113	122	203	204	-1
195	114	204	205	-1
114	195	196	205	-1
115	114	196	205	-1
114	115	124	205	-1
123	114	124	205	-1
114	123	204	205	-1
196	115	205	206	-1
115	196	197	206	-1
116	115	197	206	-1
115	116	125	206	-1
124	115	125	206	-1
115	124	205	206	-1
197	116	206	207	-1
116	197	198	207	-1
117	116	198	207	-1
116	117	126	207	-1
125	116	126	207	-1
116	125	206	207	-1
199	118	208	209	-1
118	199	200	209	-1
119	118	200	209	-1
118	119	128	209	-1
127	118	128	209	-1
118	127	208	209	-1
200	119	209	210	-1
119	200	201	210	-1
120	119	201	210	-1
119	120	129	210	-1
128	119	129	210	-1
119	128	209	210	-1
201	120	210	211	-1
120	201	202	211	-1
121	120	202	211	-1
120	121	130	211	-1
129	120	130	211	-1
120	129	210	211	-1
202	121	211	212	-1
121	202	203	212	-1
122	121	203	212	-1
121	122	131	212	-1
130	121	131	212	-1
121	130	211	212	-1
203	122	212	213	-1
122	203	204	213	-1
123	122	204	213	-1
122	123	132	213	-1
131	122	132	213	-1
122	131	212	213	-1
204	123	213	214	-1
123	204	205	214	-1
124	123	205	214	-1
123	124	133	214	-1
132	123	133	214	-1
123	132	213	214	-1
205	124	214	215	-1
124	205	206	215	-1
125	124	206	215	-1
124	125	134	215	-1
133	124	134	215	-1
124	133	214	215	-1
206	125	215	216	-1
125	206	207	216	-1
126	125	207	216	-1
125	126	135	216	-1
134	125	135	216	-1
125	134	215	216	-1
208	127	217	218	-1
127	208	209	218	-1
128	127	209	218	-1
127	128	137	218	-1
136	127	137	218	-1
127	136	217	218	-1
209	128	218	219	-1
128	209	210	219	-1
129	128	210	219	-1
128	129	138	219	-1
137	128	138	219	-1
128	137	218	219	-1
210	129	219	220	-1
129	210	211	220	-1
130	129	211	220	-1
129	130	139	220	-1
138	129	139	220	-1
129	138	219	220	-1
211	130	220	221	-1
130	211	212	221	-1
131	130	212	221	-1
130	131	140	221	-1
139	130	140	221	-1
130	139	220	221	-1
212	131	221	222	-1
131	212	213	222	-1
132	131	213	222	-1
131	132	141	222	-1
140	131	141	222	-1
131	140	221	222	-1
213	132	222	223	-1
132	213	214	223	-1
133	132	214	223	-1
132	133	142	223	-1
141	132	142	223	-1
132	141	222	223	-1
214	133	223	224	-1
133	214	215	224	-1
134	133	215	224	-1
133	134	143	224	-1
142	133	143	224	-1
133	142	223	224	-1
215	134	224	225	-1
134	215	216	225	-1
135	134	216	225	-1
134	135	144	225	-1
143	134	144	225	-1
134	143	224	225	-1
217	136	226	227	-1
136	217	218	227	-1
137	136	218	227	-1
136	137	146	227	-1
145	136	146	227	-1
136	145	226	227	-1
218	137	227	228	-1
137	218	219	228	-1
138	137	219	228	-1
137	138	147	228	-1
146	137	147	228	-1
137	146	227	228	-1
219	138	228	229	-1
138	219	220	229	-1
139	138	220	229	-1
138	139	148	229	-1
147	138	148	229	-1
138	147	228	229	-1
220	139	229	230	-1
139	220	221	230	-1
140	139	221	230	-1
139	140	149	230	-1
148	139	149	230	-1
139	148	229	230	-1
221	140	230	231	-1
140	221	222	231	-1
141	140	222	231	-1
140	141	150	231	-1
149	140	150	231	-1
140	149	230	231	-1
222	141	231	232	-1
141	222	223	232	-1
142	141	223	232	-1
141	142	151	232	-1
150	141	151	232	-1
141	150	231	232	-1
223	142	232	233	-1
142	223	224	233	-1
143	142	224	233	-1
142	143	152	233	-1
151	142	152	233	-1
142	151	232	233	-1
224	143	233	234	-1
143	224	225	234	-1
144	143	225	234	-1
143	144	153	234	-1
152	143	153	234	-1
143	152	233	234	-1
226	145	235	236	-1
145	226	227	236	-1
146	145	227	236	-1
145	146	155	236	-1
154	145	155	236	-1
145	154	235	236	-1
227	146	236	237	-1
146	227	228	237	-1
147	146	228	237	-1
146	147	156	237	-1
155	146	156	237	-1
146	155	236	237	-1
228	147	237	238	-1
147	228	229	238	-1
148	147	229	238	-1
147	148	157	238	-1
156	147	157	238	-1
147	156	237	238	-1
229	148	238	239	-1
148	229	230	239	-1
149	148	230	239	-1
148	149	158	239	-1
157	148	158	239	-1
148	157	238	239	-1
230	149	239	240	-1
149	230	231	240	-1
150	149	231	240	-1
149	150	159	240	-1
158	149	159	240	-1
149	158	239	240	-1
231	150	240	241	-1
150	231	232	241	-1
151	150	232	241	-1
150	151	160	241	-1
159	150	160	241	-1
150	159	240	241	-1
232	151	241	242	-1
151	232	233	242	-1
152	151	233	242	-1
151	152	161	242	-1
160	151	161	242	-1
151	160	241	242	-1
233	152	242	243	-1
152	233	234	243	-1
153	152	234	243	-1
152	153	162	243	-1
161	152	162	243	-1
152	161	242	243	-1
244	163	253	254	-1
163	244	245	254	-1
164	163	245	254	-1
163	164	173	254	-1
172	163	173	254	-1
163	172	253	254	-1
245	164	254	255	-1
164	245	246	255	-1
165	164	246	255	-1
164	165	174	255	-1
173	164	174	255	-1
164	173	254	255	-1
246	165	255	256	-1
165	246	247	256	-1
166	165	247	256	-1
165	166	175	256	-1
174	165	175	256	-1
165	174	255	256	-1
247	166	256	257	-1
166	247	248	257	-1
167	166	248	257	-1
166	167	176	257	-1
175	166	176	257	-1
166	175	256	257	-1
248	167	257	258	-1
167	248	249	258	-1
168	167	249	258	-1
167	168	177	258	-1
176	167	177	258	-1
167	176	257	258	-1
249	168	258	259	-1
168	249	250	259	-1
169	168	250	259	-1
168	169	178	259	-1
177	168	178	259	-1
168	177	258	259	-1
250	169	259	260	-1
169	250	251	260	-1
170	169	251	260	-1
169	170	179	260	-1
178	169	179	260	-1
169	178	259	260	-1
251	170	260	261	-1
170	251	252	261	-1
171	170	252	261	-1
170	171	180	261	-1
179	170	180	261	-1
170	179	260	261	-1
253	172	262	263	-1
172	253	254	263	-1
173	172	254	263	-1
172	173	182	263	-1
181	172	182	263	-1
172	181	262	263	-1
254	173	263	264	-1
173	254	255	264	-1
174	173	255	264	-1
173	174	183	264	-1
182	173	183	264	-1
173	182	263	264	-1
255	174	264	265	-1
174	255	256	265	-1
175	174	256	265	-1
174	175	184	265	-1
183	174	184	265	-1
174	183	264	265	-1
256	175	265	266	-1
175	256	257	266	-1
176	175	257	266	-1
175	176	185	266	-1
184	175	185	266	-1
175	184	265	266	-1
257	176	266	267	-1
176	257	258	267	-1
177	176	258	267	-1
176	177	186	267	-1
185	176	186	267	-1
176	185	266	267	-1
258	177	267	268	-1
177	258	259	268	-1
178	177	259	268	-1
177	178	187	268	-1
186	177	187	268	-1
177	186	267	268	-1
259	178	268	269	-1
178	259	260	269	-1
179	178	260	269	-1
178	179	188	269	-1
187	178	188	269	-1
178	187	268	269	-1
260	179	269	270	-1
179	260	261	270	-1
180	179	261	270	-1
179	180	189	270	-1
188	179	189	270	-1
179	188	269	270	-1
262	181	271	272	-1
181	262	263	272	-1
182	181	263	272	-1
181	182	191	272	-1
190	181	191	272	-1
181	190	271	272	-1
263	182	272	273	-1
182	263	264	273	-1
183	182	264	273	-1
182	183	192	273	-1
191	182	192	273	-1
182	191	272	273	-1
264	183	273	274	-1
183	264	265	274	-1
184	183	265	274	-1
183	184	193	274	-1
192	183	193	274	-1
183	192	273	274	-1
265	184	274	275	-1
184	265	266	275	-1
185	184	266	275	-1
184	185	194	275	-1
193	184	194	275	-1
184	193	274	275	-1
266	185	275	276	-1
185	266	267	276	-1
186	185	267	276	-1
185	186	195	276	-1
194	185	195	276	-1
185	194	275	276	-1
267	186	276	277	-1
186	267	268	277	-1
187	186	268	277	-1
186	187	196	277	-1
195	186	196	277	-1
186	195	276	277	-1
268	187	277	278	-1
187	268	269	278	-1
188	187	269	278	-1
187	188	197	278	-1
196	187	197	278	-1
187	196	277	278	-1
269	188	278	279	-1
188	269	270	279	-1
189	188	270	279	-1
188	189	198	279	-1
197	188	198	279	-1
188	197	278	279	-1
271	190	280	281	-1
190	271	272	281	-1
191	190	272	281	-1
190	191	200	281	-1
199	190	200	281	-1
190	199	280	281	-1
272	191	281	282	-1
191	272	273	282	-1
192	191	273	282	-1
191	192	201	282	-1
200	191	201	282	-1
191	200	281	282	-1
273	192	282	283	-1
192	273	274	283	-1
193	192	274	283	-1
192	193	202	283	-1
201	192	202	283	-1
192	201	282	283	-1
274	193	283	284	-1
193	274	275	284	-1
194	193	275	284	-1
193	194	203	284	-1
202	193	203	284	-1
193	202	283	284	-1
275	194	284	285	-1
194	275	276	285	-1
195	194	276	285	-1
194	195	204	285	-1
203	194	204	285	-1
194	203	284	285	-1
276	195	285	286	-1
195	276	277	286	-1
196	195	277	286	-1
195	196	205	286	-1
204	195	205	286	-1
195	204	285	286	-1
277	196	286	287	-1
196	277	278	287	-1
197	196	278	287	-1
196	197	206	287	-1
205	196	206	287	-1
196	205	286	287	-1
278	197	287	288	-1
197	278	279	288	-1
198	197	279	288	-1
197	198	207	288	-1
206	197	207	288	-1
197	206	287	288	-1
280	199	289	290	-1
199	280	281	290	-1
200	199	281	290	-1
199	200	209	290	-1
208	199	209	290	-1
199	208	289	290	-1
281	200	290	291	-1
200	281	282	291	-1
201	200	282	291	-1
200	201	210	291	-1
209	200	210	291	-1
200	209	290	291	-1
282	201	291	292	-1
201	282	283	292	-1
202	201	283	292	-1
201	202	211	292	-1
210	201	211	292	-1
201	210	291	292	-1
283	202	292	293	-1
202	283	284	293	-1
203	202	284	293	-1
202	203	212	293	-1
211	202	212	293	-1
202	211	292	293	-1
284	203	293	294	-1
203	284	285	294	-1
204	203	285	294	-1
203	204	213	294	-1
212	203	213	294	-1
203	212	293	294	-1
285	204	294	295	-1
204	285	286	295	-1
205	204	286	295	-1
204	205	214	295	-1
213	204	214	295	-1
204	213	294	295	-1
286	205	295	296	-1
205	286	287	296	-1
206	205	287	296	-1
205	206	215	296	-1
214	205	215	296	-1
205	214	295	296	-1
287	206	296	297	-1
206	287	288	297	-1
207	206	288	297	-1
206	207	216	297	-1
215	206	216	297	-1
206	215	296	297	-1
289	208	298	299	-1
208	289	290	299	-1
209	208	290	299	-1
208	209	218	299	-1
217	208	218	299	-1
208	217	298	299	-1
290	209	299	300	-1
209	290	291	300	-1
210	209	291	300	-1
209	210	219	300	-1
218	209	219	300	-1
209	218	299	300	-1
291	210	300	301	-1
210	291	292	301	-1
211	210	292	301	-1
210	211	220	301	-1
219	210	220	301	-1
210	219	300	301	-1
292	211	301	302	-1
211	292	293	302	-1
212	211	293	302	-1
211	212	221	302	-1
220	211	221	302	-1
211	220	301	302	-1
293	212	302	303	-1
212	293	294	303	-1
213	212	294	303	-1
212	213	222	303	-1
221	212	222	303	-1
212	221	302	303	-1
294	213	303	304	-1
213	294	295	304	-1
214	213	295	304	-1
213	214	223	304	-1
222	213	223	304	-1
213	222	303	304	-1
295	214	304	305	-1
214	295	296	305	-1
215	214	296	305	-1
214	215	224	305	-1
223	214	224	305	-1
214	223	304	305	-1
296	215	305	306	-1
215	296	297	306	-1
216	215	297	306	-1
215	216	225	306	-1
224	215	225	306	-1
215	224	305	306	-1
298	217	307	308	-1
217	298	299	308	-1
218	217	299	308	-1
217	218	227	308	-1
226	217	227	308	-1
217	226	307	308	-1
299	218	308	309	-1
218	299	300	309	-1
219	218	300	309	-1
218	219	228	309	-1
227	218	228	309	-1
218	227	308	309	-1
300	219	309	310	-1
219	300	301	310	-1
220	219	301	310	-1
219	220	229	310	-1
228	219	229	310	-1
219	228	309	310	-1
301	220	310	311	-1
220	301	302	311	-1
221	220	302	311	-1
220	221	230	311	-1
229	220	230	311	-1
220	229	310	311	-1
302	221	311	312	-1
221	302	303	312	-1
222	221	303	312	-1
221	222	231	312	-1
230	221	231	312	-1
221	230	311	312	-1
303	222	312	313	-1
222	303	304	313	-1
223	222	304	313	-1
222	223	232	313	-1
231	222	232	313	-1
222	231	312	313	-1
304	223	313	314	-1
223	304	305	314	-1
224	223	305	314	-1
223	224	233	314	-1
232	223	233	314	-1
223	232	313	314	-1
305	224	314	315	-1
224	305	306	315	-1
225	224	306	315	-1
224	225	234	315	-1
233	224	234	315	-1
224	233	314	315	-1
307	226	316	317	-1
226	307	308	317	-1
227	226	308	317	-1
226	227	236	317	-1
235	226	236	317	-1
226	235	316	317	-1
308	227	317	318	-1
227	308	309	318	-1
228	227	309	318	-1
227	228	237	318	-1
236	227	237	318	-1
227	236	317	318	-1
309	228	318	319	-1
228	309	310	319	-1
229	228	310	319	-1
228	229	238	319	-1
237	228	238	319	-1
228	237	318	319	-1
310	229	319	320	-1
229	310	311	320	-1
230	229	311	320	-1
229	230	239	320	-1
238	229	239	320	-1
229	238	319	320	-1
311	230	320	321	-1
230	311	312	321	-1
231	230	312	321	-1
230	231	240	321	-1
239	230	240	321	-1
230	239	320	321	-1
312	231	321	322	-1
231	312	313	322	-1
232	231	313	322	-1
231	232	241	322	-1
240	231	241	322	-1
231	240	321	322	-1
313	232	322	323	-1
232	313	314	323	-1
233	232	314	323	-1
232	233	242	323	-1
241	232	242	323	-1
232	241	322	323	-1
314	233	323	324	-1
233	314	315	324	-1
234	233	315	324	-1
233	234	243	324	-1
242	233	243	324	-1
233	242	323	324	-1
325	244	334	335	-1
244	325	326	335	-1
245	244	326	335	-1
244	245	254	335	-1
253	244	254	335	-1
244	253	334	335	-1
326	245	335	336	-1
245	326	327	336	-1
246	245	327	336	-1
245	246	255	336	-1
254	245	255	336	-1
245	254	335	336	-1
327	246	336	337	-1
246	327	328	337	-1
247	246	328	337	-1
246	247	256	337	-1
255	246	256	337	-1
246	255	336	337	-1
328	247	337	338	-1
247	328	329	338	-1
248	247	329	338	-1
247	248	257	338	-1
256	247	257	338	-1
247	256	337	338	-1
329	248	338	339	-1
248	329	330	339	-1
249	248	330	339	-1
248	249	258	339	-1
257	248	258	339	-1
248	257	338	339	-1
330	249	339	340	-1
249	330	331	340	-1
250	249	331	340	-1
249	250	259	340	-1
258	249	259	340	-1
249	258	339	340	-1
331	250	340	341	-1
250	331	332	341	-1
251	250	332	341	-1
250	251	260	341	-1
259	250	260	341	-1
250	259	340	341	-1
332	251	341	342	-1
251	332	333	342	-1
252	251	333	342	-1
251	252	261	342	-1
260	251	261	342	-1
251	260	341	342	-1
334	253	343	344	-1
253	334	335	344	-1
254	253	335	344	-1
253	254	263	344	-1
262	253	263	344	-1
253	262	343	344	-1
335	254	344	345	-1
254	335	336	345	-1
255	254	336	345	-1
254	255	264	345	-1
263	254	264	345	-1
254	263	344	345	-1
336	255	345	346	-1
255	336	337	346	-1
256	255	337	346	-1
255	256	265	346	-1
264	255	265	346	-1
255	264	345	346	-1
337	256	346	347	-1
256	337	338	347	-1
257	256	338	347	-1
256	257	266	347	-1
265	256	266	347	-1
256	265	346	347	-1
338	257	347	348	-1
257	338	339	348	-1
258	257	339	348	-1
257	258	267	348	-1
266	257	267	348	-1
257	266	347	348	-1
339	258	348	349	-1
258	339	340	349	-1
259	258	340	349	-1
258	259	268	349	-1
267	258	268	349	-1
258	267	348	349	-1
340	259	349	350	-1
259	340	341	350	-1
260	259	341	350	-1
259	260	269	350	-1
268	259	269	350	-1
259	268	349	350	-1
341	260	350	351	-1
260	341	342	351	-1
261	260	342	351	-1
260	261	270	351	-1
269	260	270	351	-1
260	269	350	351	-1
343	262	352	353	-1
262	343	344	353	-1
263	262	344	353	-1
262	263	272	353	-1
271	262	272	353	-1
262	271	352	353	-1
344	263	353	354	-1
263	344	345	354	-1
264	263	345	354	-1
263	264	273	354	-1
272	263	273	354	-1
263	272	353	354	-1
345	264	354	355	-1
264	345	346	355	-1
265	264	346	355	-1
264	265	274	355	-1
273	264	274	355	-1
264	273	354	355	-1
346	265	355	356	-1
265	346	347	356	-1
266	265	347	356	-1
265	266	275	356	-1
274	265	275	356	-1
265	274	355	356	-1
347	266	356	357	-1
266	347	348	357	-1
267	266	348	357	-1
266	267	276	357	-1
275	266	276	357	-1
266	275	356	357	-1
348	267	357	358	-1
267	348	349	358	-1
268	267	349	358	-1
267	268	277	358	-1
276	267	277	358	-1
267	276	357	358	-1
349	268	358	359	-1
268	349	350	359	-1
269	268	350	359	-1
268	269	278	359	-1
277	268	278	359	-1
268	277	358	359	-1
350	269	359	360	-1
269	350	351	360	-1
270	269	351	360	-1
269	270	279	360	-1
278	269	279	360	-1
269	278	359	360	-1
352	271	361	362	-1
271	352	353	362	-1
272	271	353	362	-1
271	272	281	362	-1
280	271	281	362	-1
271	280	361	362	-1
353	272	362	363	-1
272	353	354	363	-1
273	272	354	363	-1
272	273	282	363	-1
281	272	282	363	-1
272	281	362	363	-1
354	273	363	364	-1
273	354	355	364	-1
274	273	355	364	-1
273	274	283	364	-1
282	273	283	364	-1
273	282	363	364	-1
355	274	364	365	-1
274	355	356	365	-1
275	274	356	365	-1
274	275	284	365	-1
283	274	284	365	-1
274	283	364	365	-1
356	275	365	366	-1
275	356	357	366	-1
276	275	357	366	-1
275	276	285	366	-1
284	275	285	366	-1
275	284	365	366	-1
357	276	366	367	-1
276	357	358	367	-1
277	276	358	367	-1
276	277	286	367	-1
285	276	286	367	-1
276	285	366	367	-1
358	277	367	368	-1
277	358	359	368	-1
278	277	359	368	-1
277	278	287	368	-1
286	277	287	368	-1
277	286	367	368	-1
359	278	368	369	-1
278	359	360	369	-1
279	278	360	369	-1
278	279	288	369	-1
287	278	288	369	-1
278	287	368	369	-1
361	280	370	371	-1
280	361	362	371	-1
281	280	362	371	-1
280	281	290	371	-1
289	280	290	371	-1
280	289	370	371	-1
362	281	371	372	-1
281	362	363	372	-1
282	281	363	372	-1
281	282	291	372	-1
290	281	291	372	-1
281	290	371	372	-1
363	282	372	373	-1
282	363	364	373	-1
283	282	364	373	-1
282	283	292	373	-1
291	282	292	373	-1
282	291	372	373	-1
364	283	373	374	-1
283	364	365	374	-1
284	283	365	374	-1
283	284	293	374	-1
292	283	293	374	-1
283	292	373	374	-1
365	284	374	375	-1
284	365	366	375	-1
285	284	366	375	-1
284	285	294	375	-1
293	284	294	375	-1
284	293	374	375	-1
366	285	375	376	-1
285	366	367	376	-1
286	285	367	376	-1
285	286	295	376	-1
294	285	295	376	-1
285	294	375	376	-1
367	286	376	377	-1
286	367	368	377	-1
287	286	368	377	-1
286	287	296	377	-1
295	286	296	377	-1
286	295	376	377	-1
368	287	377	378	-1
287	368	369	378	-1
288	287	369	378	-1
287	288	297	378	-1
296	287	297	378	-1
287	296	377	378	-1
370	289	379	380	-1
289	370	371	380	-1
290	289	371	380	-1
289	290	299	380	-1
298	289	299	380	-1
289	298	379	380	-1
371	290	380	381	-1
290	371	372	381	-1
291	290	372	381	-1
290	291	300	381	-1
299	290	300	381	-1
290	299	380	381	-1
372	291	381	382	-1
291	372	373	382	-1
292	291	373	382	-1
291	292	301	382	-1
300	291	301	382	-1
291	300	381	382	-1
373	292	382	383	-1
292	373	374	383	-1
293	292	374	383	-1
292	293	302	383	-1
301	292	302	383	-1
292	301	382	383	-1
374	293	383	384	-1
293	374	375	384	-1
294	293	375	384	-1
293	294	303	384	-1
302	293	303	384	-1
293	302	383	384	-1
375	294	384	385	-1
294	375	376	385	-1
295	294	376	385	-1
294	295	304	385	-1
303	294	304	385	-1
294	303	384	385	-1
376	295	385	386	-1
295	376	377	386	-1
296	295	377	386	-1
295	296	305	386	-1
304	295	305	386	-1
295	304	385	386	-1
377	296	386	387	-1
296	377	378	387	-1
297	296	378	387	-1
296	297	306	387	-1
305	296	306	387	-1
296	305	386	387	-1
379	298	388	389	-1
298	379	380	389	-1
299	298	380	389	-1
298	299	308	389	-1
307	298	308	389	-1
298	307	388	389	-1
380	299	389	390	-1
299	380	381	390	-1
300	299	381	390	-1
299	300	309	390	-1
308	299	309	390	-1
299	308	389	390	-1
381	300	390	391	-1
300	381	382	391	-1
301	300	382	391	-1
300	301	310	391	-1
309	300	310	391	-1
300	309	390	391	-1
382	301	391	392	-1
301	382	383	392	-1
302	301	383	392	-1
301	302	311	392	-1
310	301	311	392	-1
301	310	391	392	-1
383	302	392	393	-1
302	383	384	393	-1
303	302	384	393	-1
302	303	312	393	-1
311	302	312	393	-1
302	311	392	393	-1
384	303	393	394	-1
303	384	385	394	-1
304	303	385	394	-1
303	304	313	394	-1
312	303	313	394	-1
303	312	393	394	-1
385	304	394	395	-1
304	385	386	395	-1
305	304	386	395	-1
304	305	314	395	-1
313	304	314	395	-1
304	313	394	395	-1
386	305	395	396	-1
305	386	387	396	-1
306	305	387	396	-1
305	306	315	396	-1
314	305	315	396	-1
305	314	395	396	-1
388	307	397	398	-1
307	388	389	398	-1
308	307	389	398	-1
307	308	317	398	-1
316	307	317	398	-1
307	316	397	398	-1
389	308	398	399	-1
308	389	390	399	-1
309	308	390	399	-1
308	309	318	399	-1
317	308	318	399	-1
308	317	398	399	-1
390	309	399	400	-1
309	390	391	400	-1
310	309	391	400	-1
309	310	319	400	-1
318	309	319	400	-1
309	318	399	400	-1
391	310	400	401	-1
310	391	392	401	-1
311	310	392	401	-1
310	311	320	401	-1
319	310	320	401	-1
310	319	400	401	-1
392	311	401	402	-1
311	392	393	402	-1
312	311	393	402	-1
311	312	321	402	-1
320	311	321	402	-1
311	320	401	402	-1
393	312	402	403	-1
312	393	394	403	-1
313	312	394	403	-1
312	313	322	403	-1
321	312	322	403	-1
312	321	402	403	-1
394	313	403	404	-1
313	394	395	404	-1
314	313	395	404	-1
313	314	323	404	-1
322	313	323	404	-1
313	322	403	404	-1
395	314	404	405	-1
314	395	396	405	-1
315	314	396	405	-1
314	315	324	405	-1
323	314	324	405	-1
314	323	404	405	-1
406	325	415	416	-1
325	406	407	416	-1
326	325	407	416	-1
325	326	335	416	-1
334	325	335	416	-1
325	334	415	416	-1
407	326	416	417	-1
326	407	408	417	-1
327	326	408	417	-1
326	327	336	417	-1
335	326	336	417	-1
326	335	416	417	-1
408	327	417	418	-1
327	408	409	418	-1
328	327	409	418	-1
327	328	337	418	-1
336	327	337	418	-1
327	336	417	418	-1
409	328	418	419	-1
328	409	410	419	-1
329	328	410	419	-1
328	329	338	419	-1
337	328	338	419	-1
328	337	418	419	-1
410	329	419	420	-1
329	410	411	420	-1
330	329	411	420	-1
329	330	339	420	-1
338	329	339	420	-1
329	338	419	420	-1
411	330	420	421	-1
330	411	412	421	-1
331	330	412	421	-1
330	331	340	421	-1
339	330	340	421	-1
330	339	420	421	-1
412	331	421	422	-1
331	412	413	422	-1
332	331	413	422	-1
331	332	341	422	-1
340	331	341	422	-1
331	340	421	422	-1
413	332	422	423	-1
332	413	414	423	-1
333	332	414	423	-1
332	333	342	423	-1
341	332	342	423	-1
332	341	422	423	-1
415	334	424	425	-1
334	415	416	425	-1
335	334	416	425	-1
334	335	344	425	-1
343	334	344	425	-1
334	343	424	425	-1
416	335	425	426	-1
335	416	417	426	-1
336	335	417	426	-1
335	336	345	426	-1
344	335	345	426	-1
335	344	425	426	-1
417	336	426	427	-1
336	417	418	427	-1
337	336	418	427	-1
336	337	346	427	-1
345	336	346	427	-1
336	345	426	427	-1
418	337	427	428	-1
337	418	419	428	-1
338	337	419	428	-1
337	338	347	428	-1
346	337	347	428	-1
337	346	427	428	-1
419	338	428	429	-1
338	419	420	429	-1
339	338	420	429	-1
338	339	348	429	-1
347	338	348	429	-1
338	347	428	429	-1
420	339	429	430	-1
339	420	421	430	-1
340	339	421	430	-1
339	340	349	430	-1
348	339	349	430	-1
339	348	429	430	-1
421	340	430	431	-1
340	421	422	431	-1
341	340	422	431	-1
340	341	350	431	-1
349	340	350	431	-1
340	349	430	431	-1
422	341	431	432	-1
341	422	423	432	-1
342	341	423	432	-1
341	342	351	432	-1
350	341	351	432	-1
341	350	431	432	-1
424	343	433	434	-1
343	424	425	434	-1
344	343	425	434	-1
343	344	353	434	-1
352	343	353	434	-1
343	352	433	434	-1
425	344	434	435	-1
344	425	426	435	-1
345	344	426	435	-1
344	345	354	435	-1
353	344	354	435	-1
344	353	434	435	-1
426	345	435	436	-1
345	426	427	436	-1
346	345	427	436	-1
345	346	355	436	-1
354	345	355	436	-1
345	354	435	436	-1
427	346	436	437	-1
346	427	428	437	-1
347	346	428	437	-1
346	347	356	437	-1
355	346	356	437	-1
346	355	436	437	-1
428	347	437	438	-1
347	428	429	438	-1
348	347	429	438	-1
347	348	357	438	-1
356	347	357	438	-1
347	356	437	438	-1
429	348	438	439	-1
348	429	430	439	-1
349	348	430	439	-1
348	349	358	439	-1
357	348	358	439	-1
348	357	438	439	-1
430	349	439	440	-1
349	430	431	440	-1
350	349	431	440	-1
349	350	359	440	-1
358	349	359	440	-1
349	358	439	440	-1
431	350	440	441	-1
350	431	432	441	-1
351	350	432	441	-1
350	351	360	441	-1
359	350	360	441	-1
350	359	440	441	-1
433	352	442	443	-1
352	433	434	443	-1
353	352	434	443	-1
352	353	362	443	-1
361	352	362	443	-1
352	361	442	443	-1
434	353	443	444	-1
353	434	435	444	-1
354	353	435	444	-1
353	354	363	444	-1
362	353	363	444	-1
353	362	443	444	-1
435	354	444	445	-1
354	435	436	445	-1
355	354	436	445	-1
354	355	364	445	-1
363	354	364	445	-1
354	363	444	445	-1
436	355	445	446	-1
355	436	437	446	-1
356	355	437	446	-1
355	356	365	446	-1
364	355	365	446	-1
355	364	445	446	-1
437	356	446	447	-1
356	437	438	447	-1
357	356	438	447	-1
356	357	366	447	-1
365	356	366	447	-1
356	365	446	447	-1
438	357	447	448	-1
357	438	439	448	-1
358	357	439	448	-1
357	358	367	448	-1
366	357	367	448	-1
357	366	447	448	-1
439	358	448	449	-1
358	439	440	449	-1
359	358	440	449	-1
358	359	368	449	-1
367	358	368	449	-1
358	367	448	449	-1
440	359	449	450	-1
359	440	441	450	-1
360	359	441	450	-1
359	360	369	450	-1
368	359	369	450	-1
359	368	449	450	-1
442	361	451	452	-1
361	442	443	452	-1
362	361	443	452	-1
361	362	371	452	-1
370	361	371	452	-1
361	370	451	452	-1
443	362	452	453	-1
362	443	444	453	-1
363	362	444	453	-1
362	363	372	453	-1
371	362	372	453	-1
362	371	452	453	-1
444	363	453	454	-1
363	444	445	454	-1
364	363	445	454	-1
363	364	373	454	-1
372	363	373	454	-1
363	372	453	454	-1
445	364	454	455	-1
364	445	446	455	-1
365	364	446	455	-1
364	365	374	455	-1
373	364	374	455	-1
364	373	454	455	-1
446	365	455	456	-1
365	446	447	456	-1
366	365	447	456	-1
365	366	375	456	-1
374	365	375	456	-1
365	374	455	456	-1
447	366	456	457	-1
366	447	448	457	-1
367	366	448	457	-1
366	367	376	457	-1
375	366	376	457	-1
366	375	456	457	-1
448	367	457	458	-1
367	448	449	458	-1
368	367	449	458	-1
367	368	377	458	-1
376	367	377	458	-1
367	376	457	458	-1
449	368	458	459	-1
368	449	450	459	-1
369	368	450	459	-1
368	369	378	459	-1
377	368	378	459	-1
368	377	458	459	-1
451	370	460	461	-1
370	451	452	461	-1
371	370	452	461	-1
370	371	380	461	-1
379	370	380	461	-1
370	379	460	461	-1
452	371	461	462	-1
371	452	453	462	-1
372	371	453	462	-1
371	372	381	462	-1
380	371	381	462	-1
371	380	461	462	-1
453	372	462	463	-1
372	453	454	463	-1
373	372	454	463	-1
372	373	382	463	-1
381	372	382	463	-1
372	381	462	463	-1
454	373	463	464	-1
373	454	455	464	-1
374	373	455	464	-1
373	374	383	464	-1
382	373	383	464	-1
373	382	463	464	-1
455	374	464	465	-1
374	455	456	465	-1
375	374	456	465	-1
374	375	384	465	-1
383	374	384	465	-1
374	383	464	465	-1
456	375	465	466	-1
375	456	457	466	-1
376	375	457	466	-1
375	376	385	466	-1
384	375	385	466	-1
375	384	465	466	-1
457	376	466	467	-1
376	457	458	467	-1
377	376	458	467	-1
376	377	386	467	-1
385	376	386	467	-1
376	385	466	467	-1
458	377	467	468	-1
377	458	459	468	-1
378	377	459	468	-1
377	378	387	468	-1
386	377	387	468	-1
377	386	467	468	-1
460	379	469	470	-1
379	460	461	470	-1
380	379	461	470	-1
379	380	389	470	-1
388	379	389	470	-1
379	388	469	470	-1
461	380	470	471	-1
380	461	462	471	-1
381	380	462	471	-1
380	381	390	471	-1
389	380	390	471	-1
380	389	470	471	-1
462	381	471	472	-1
381	462	463	472	-1
382	381	463	472	-1
381	382	391	472	-1
390	381	391	472	-1
381	390	471	472	-1
463	382	472	473	-1
382	463	464	473	-1
383	382	464	473	-1
382	383	392	473	-1
391	382	392	473	-1
382	391	472	473	-1
464	383	473	474	-1
383	464	465	474	-1
384	383	465	474	-1
383	384	393	474	-1
392	383	393	474	-1
383	392	473	474	-1
465	384	474	475	-1
384	465	466	475	-1
385	384	466	475	-1
384	385	394	475	-1
393	384	394	475	-1
384	393	474	475	-1
466	385	475	476	-1
385	466	467	476	-1
386	385	467	476	-1
385	386	395	476	-1
394	385	395	476	-1
385	394	475	476	-1
467	386	476	477	-1
386	467	468	477	-1
387	386	468	477	-1
386	387	396	477	-1
395	386	396	477	-1
386	395	476	477	-1
469	388	478	479	-1
388	469	470	479	-1
389	388	470	479	-1
388	389	398	479	-1
397	388	398	479	-1
388	397	478	479	-1
470	389	479	480	-1
389	470	471	480	-1
390	389	471	480	-1
389	390	399	480	-1
398	389	399	480	-1
389	398	479	480	-1
471	390	480	481	-1
390	471	472	481	-1
391	390	472	481	-1
390	391	400	481	-1
399	390	400	481	-1
390	399	480	481	-1
472	391	481	482	-1
391	472	473	482	-1
392	391	473	482	-1
391	392	401	482	-1
400	391	401	482	-1
391	400	481	482	-1
473	392	482	483	-1
392	473	474	483	-1
393	392	474	483	-1
392	393	402	483	-1
401	392	402	483	-1
392	401	482	483	-1
474	393	483	484	-1
393	474	475	484	-1
394	393	475	484	-1
393	394	403	484	-1
402	393	403	484	-1
393	402	483	484	-1
475	394	484	485	-1
394	475	476	485	-1
395	394	476	485	-1
394	395	404	485	-1
403	394	404	485	-1
394	403	484	485	-1
476	395	485	486	-1
395	476	477	486	-1
396	395	477	486	-1
395	396	405	486	-1
404	395	405	486	-1
395	404	485	486	-1
487	406	496	497	-1
406	487	488	497	-1
407	406	488	497	-1
406	407	416	497	-1
415	406	416	497	-1
406	415	496	497	-1
488	407	497	498	-1
407	488	489	498	-1
408	407	489	498	-1
407	408	417	498	-1
416	407	417	498	-1
407	416	497	498	-1
489	408	498	499	-1
408	489	490	499	-1
409	408	490	499	-1
408	409	418	499	-1
417	408	418	499	-1
408	417	498	499	-1
490	409	499	500	-1
409	490	491	500	-1
410	409	491	500	-1
409	410	419	500	-1
418	409	419	500	-1
409	418	499	500	-1
491	410	500	501	-1
410	491	492	501	-1
411	410	492	501	-1
410	411	420	501	-1
419	410	420	501	-1
410	419	500	501	-1
492	411	501	502	-1
411	492	493	502	-1
412	411	493	502	-1
411	412	421	502	-1
420	411	421	502	-1
411	420	501	502	-1
493	412	502	503	-1
412	493	494	503	-1
413	412	494	503	-1
412	413	422	503	-1
421	412	422	503	-1
412	421	502	503	-1
494	413	503	504	-1
413	494	495	504	-1
414	413	495	504	-1
413	414	423	504	-1
422	413	423	504	-1
413	422	503	504	-1
496	415	505	506	-1
415	496	497	506	-1
416	415	497	506	-1
415	416	425	506	-1
424	415	425	506	-1
415	424	505	506	-1
497	416	506	507	-1
416	497	498	507	-1
417	416	498	507	-1
416	417	426	507	-1
425	416	426	507	-1
416	425	506	507	-1
498	417	507	508	-1
417	498	499	508	-1
418	417	499	508	-1
417	418	427	508	-1
426	417	427	508	-1
417	426	507	508	-1
499	418	508	509	-1
418	499	500	509	-1
419	418	500	509	-1
418	419	428	509	-1
427	418	428	509	-1
418	427	508	509	-1
500	419	509	510	-1
419	500	501	510	-1
420	419	501	510	-1
419	420	429	510	-1
428	419	429	510	-1
419	428	509	510	-1
501	420	510	511	-1
420	501	502	511	-1
421	420	502	511	-1
420	421	430	511	-1
429	420	430	511	-1
420	429	510	511	-1
502	421	511	512	-1
421	502	503	512	-1
422	421	503	512	-1
421	422	431	512	-1
430	421	431	512	-1
421	430	511	512	-1
503	422	512	513	-1
422	503	504	513	-1
423	422	504	513	-1
422	423	432	513	-1
431	422	432	513	-1
422	431	512	513	-1
505	424	514	515	-1
424	505	506	515	-1
425	424	506	515	-1
424	425	434	515	-1
433	424	434	515	-1
424	433	514	515	-1
506	425	515	516	-1
425	506	507	516	-1
426	425	507	516	-1
425	426	435	516	-1
434	425	435	516	-1
425	434	515	516	-1
507	426	516	517	-1
426	507	508	517	-1
427	426	508	517	-1
426	427	436	517	-1
435	426	436	517	-1
426	435	516	517	-1
508	427	517	518	-1
427	508	509	518	-1
428	427	509	518	-1
427	428	437	518	-1
436	427	437	518	-1
427	436	517	518	-1
509	428	518	519	-1
428	509	510	519	-1
429	428	510	519	-1
428	429	438	519	-1
437	428	438	519	-1
428	437	518	519	-1
510	429	519	520	-1
429	510	511	520	-1
430	429	511	520	-1
429	430	439	520	-1
438	429	439	520	-1
429	438	519	520	-1
511	430	520	521	-1
430	511	512	521	-1
431	430	512	521	-1
430	431	440	521	-1
439	430	440	521	-1
430	439	520	521	-1
512	431	521	522	-1
431	512	513	522	-1
432	431	513	522	-1
431	432	441	522	-1
440	431	441	522	-1
431	440	521	522	-1
514	433	523	524	-1
433	514	515	524	-1
434	433	515	524	-1
433	434	443	524	-1
442	433	443	524	-1
433	442	523	524	-1
515	434	524	525	-1
434	515	516	525	-1
435	434	516	525	-1
434	435	444	525	-1
443	434	444	525	-1
434	443	524	525	-1
516	435	525	526	-1
435	516	517	526	-1
436	435	517	526	-1
435	436	445	526	-1
444	435	445	526	-1
435	444	525	526	-1
517	436	526	527	-1
436	517	518	527	-1
437	436	518	527	-1
436	437	446	527	-1
445	436	446	527	-1
436	445	526	527	-1
518	437	527	528	-1
437	518	519	528	-1
438	437	519	528	-1
437	438	447	528	-1
446	437	447	528	-1
437	446	527	528	-1
519	438	528	529	-1
438	519	520	529	-1
439	438	520	529	-1
438	439	448	529	-1
447	438	448	529	-1
438	447	528	529	-1
520	439	529	530	-1
439	520	521	530	-1
440	439	521	530	-1
439	440	449	530	-1
448	439	449	530	-1
439	448	529	530	-1
521	440	530	531	-1
440	521	522	531	-1
441	440	522	531	-1
440	441	450	531	-1
449	440	450	531	-1
440	449	530	531	-1
523	442	532	533	-1
442	523	524	533	-1
443	442	524	533	-1
442	443	452	533	-1
451	442	452	533	-1
442	451	532	533	-1
524	443	533	534	-1
443	524	525	534	-1
444	443	525	534	-1
443	444	453	534	-1
452	443	453	534	-1
443	452	533	534	-1
525	444	534	535	-1
444	525	526	535	-1
445	444	526	535	-1
444	445	454	535	-1
453	444	454	535	-1
444	453	534	535	-1
526	445	535	536	-1
445	526	527	536	-1
446	445	527	536	-1
445	446	455	536	-1
454	445	455	536	-1
445	454	535	536	-1
527	446	536	537	-1
446	527	528	537	-1
447	446	528	537	-1
446	447	456	537	-1
455	446	456	537	-1
446	455	536	537	-1
528	447	537	538	-1
447	528	529	538	-1
448	447	529	538	-1
447	448	457	538	-1
456	447	457	538	-1
447	456	537	538	-1
529	448	538	539	-1
448	529	530	539	-1
449	448	530	539	-1
448	449	458	539	-1
457	448	458	539	-1
448	457	538	539	-1
530	449	539	540	-1
449	530	531	540	-1
450	449	531	540	-1
449	450	459	540	-1
458	449	459	540	-1
449	458	539	540	-1
532	451	541	542	-1
451	532	533	542	-1
452	451	533	542	-1
451	452	461	542	-1
460	451	461	542	-1
451	460	541	542	-1
533	452	542	543	-1
452	533	534	543	-1
453	452	534	543	-1
452	453	462	543	-1
461	452	462	543	-1
452	461	542	543	-1
534	453	543	544	-1
453	534	535	544	-1
454	453	535	544	-1
453	454	463	544	-1
462	453	463	544	-1
453	462	543	544	-1
535	454	544	545	-1
454	535	536	545	-1
455	454	536	545	-1
454	455	464	545	-1
463	454	464	545	-1
454	463	544	545	-1
536	455	545	546	-1
455	536	537	546	-1
456	455	537	546	-1
455	456	465	546	-1
464	455	465	546	-1
455	464	545	546	-1
537	456	546	547	-1
456	537	538	547	-1
457	456	538	547	-1
456	457	466	547	-1
465	456	466	547	-1
456	465	546	547	-1
538	457	547	548	-1
457	538	539	548	-1
458	457	539	548	-1
457	458	467	548	-1
466	457	467	548	-1
457	466	547	548	-1
539	458	548	549	-1
458	539	540	549	-1
459	458	540	549	-1
458	459	468	549	-1
467	458	468	549	-1
458	467	548	549	-1
541	460	550	551	-1
460	541	542	551	-1
461	460	542	551	-1
460	461	470	551	-1
469	460	470	551	-1
460	469	550	551	-1
542	461	551	552	-1
461	542	543	552	-1
462	461	543	552	-1
461	462	471	552	-1
470	461	471	552	-1
461	470	551	552	-1
543	462	552	553	-1
462	543	544	553	-1
463	462	544	553	-1
462	463	472	553	-1
471	462	472	553	-1
462	471	552	553	-1
544	463	553	554	-1
463	544	545	554	-1
464	463	545	554	-1
463	464	473	554	-1
472	463	473	554	-1
463	472	553	554	-1
545	464	554	555	-1
464	545	546	555	-1
465	464	546	555	-1
464	465	474	555	-1
473	464	474	555	-1
464	473	554	555	-1
546	465	555	556	-1
465	546	547	556	-1
466	465	547	556	-1
465	466	475	556	-1
474	465	475	556	-1
465	474	555	556	-1
547	466	556	557	-1
466	547	548	557	-1
467	466	548	557	-1
466	467	476	557	-1
475	466	476	557	-1
466	475	556	557	-1
548	467	557	558	-1
467	548	549	558	-1
468	467	549	558	-1
467	468	477	558	-1
476	467	477	558	-1
467	476	557	558	-1
550	469	559	560	-1
469	550	551	560	-1
470	469	551	560	-1
469	470	479	560	-1
478	469	479	560	-1
469	478	559	560	-1
551	470	560	561	-1
470	551	552	561	-1
471	470	552	561	-1
470	471	480	561	-1
479	470	480	561	-1
470	479	560	561	-1
552	471	561	562	-1
471	552	553	562	-1
472	471	553	562	-1
471	472	481	562	-1
480	471	481	562	-1
471	480	561	562	-1
553	472	562	563	-1
472	553	554	563	-1
473	472	554	563	-1
472	473	482	563	-1
481	472	482	563	-1
472	481	562	563	-1
554	473	563	564	-1
473	554	555	564	-1
474	473	555	564	-1
473	474	483	564	-1
482	473	483	564	-1
473	482	563	564	-1
555	474	564	565	-1
474	555	556	565	-1
475	474	556	565	-1
474	475	484	565	-1
483	474	484	565	-1
474	483	564	565	-1
556	475	565	566	-1
475	556	557	566	-1
476	475	557	566	-1
475	476	485	566	-1
484	475	485	566	-1
475	484	565	566	-1
557	476	566	567	-1
476	557	558	567	-1
477	476	558	567	-1
476	477	486	567	-1
485	476	486	567	-1
476	485	566	567	-1
568	487	577	578	-1
487	568	569	578	-1
488	487	569	578	-1
487	488	497	578	-1
496	487	497	578	-1
487	496	577	578	-1
569	488	578	579	-1
488	569	570	579	-1
489	488	570	579	-1
488	489	498	579	-1
497	488	498	579	-1
488	497	578	579	-1
570	489	579	580	-1
489	570	571	580	-1
490	489	571	580	-1
489	490	499	580	-1
498	489	499	580	-1
489	498	579	580	-1
571	490	580	581	-1
490	571	572	581	-1
491	490	572	581	-1
490	491	500	581	-1
499	490	500	581	-1
490	499	580	581	-1
572	491	581	582	-1
491	572	573	582	-1
492	491	573	582	-1
491	492	501	582	-1
500	491	501	582	-1
491	500	581	582	-1
573	492	582	583	-1
492	573	574	583	-1
493	492	574	583	-1
492	493	502	583	-1
501	492	502	583	-1
492	501	582	583	-1
574	493	583	584	-1
493	574	575	584	-1
494	493	575	584	-1
493	494	503	584	-1
502	493	503	584	-1
493	502	583	584	-1
575	494	584	585	-1
494	575	576	585	-1
495	494	576	585	-1
494	495	504	585	-1
503	494	504	585	-1
494	503	584	585	-1
577	496	586	587	-1
496	577	578	587	-1
497	496	578	587	-1
496	497	506	587	-1
505	496	506	587	-1
496	505	586	587	-1
578	497	587	588	-1
497	578	579	588	-1
498	497	579	588	-1
497	498	507	588	-1
506	497	507	588	-1
497	506	587	588	-1
579	498	588	589	-1
498	579	580	589	-1
499	498	580	589	-1
498	499	508	589	-1
507	498	508	589	-1
498	507	588	589	-1
580	499	589	590	-1
499	580	581	590	-1
500	499	581	590	-1
499	500	509	590	-1
508	499	509	590	-1
499	508	589	590	-1
581	500	590	591	-1
500	581	582	591	-1
501	500	582	591	-1
500	501	510	591	-1
509	500	510	591	-1
500	509	590	591	-1
582	501	591	592	-1
501	582	583	592	-1
502	501	583	592	-1
501	502	511	592	-1
510	501	511	592	-1
501	510	591	592	-1
583	502	592	593	-1
502	583	584	593	-1
503	502	584	593	-1
502	503	512	593	-1
511	502	512	593	-1
502	511	592	593	-1
584	503	593	594	-1
503	584	585	594	-1
504	503	585	594	-1
503	504	513	594	-1
512	503	513	594	-1
503	512	593	594	-1
586	505	595	596	-1
505	586	587	596	-1
506	505	587	596	-1
505	506	515	596	-1
514	505	515	596	-1
505	514	595	596	-1
587	506	596	597	-1
506	587	588	597	-1
507	506	588	597	-1
506	507	516	597	-1
515	506	516	597	-1
506	515	596	597	-1
588	507	597	598	-1
507	588	589	598	-1
508	507	589	598	-1
507	508	517	598	-1
516	507	517	598	-1
507	516	597	598	-1
589	508	598	599	-1
508	589	590	599	-1
509	508	590	599	-1
508	509	518	599	-1
517	508	518	599	-1
508	517	598	599	-1
590	509	599	600	-1
509	590	591	600	-1
510	509	591	600	-1
509	510	519	600	-1
518	509	519	600	-1
509	518	599	600	-1
591	510	600	601	-1
510	591	592	601	-1
511	510	592	601	-1
510	511	520	601	-1
519	510	520	601	-1
510	519	600	601	-1
592	511	601	602	-1
511	592	593	602	-1
512	511	593	602	-1
511	512	521	602	-1
520	511	521	602	-1
511	520	601	602	-1
593	512	602	603	-1
512	593	594	603	-1
513	512	594	603	-1
512	513	522	603	-1
521	512	522	603	-1
512	521	602	603	-1
595	514	604	605	-1
514	595	596	605	-1
515	514	596	605	-1
514	515	524	605	-1
523	514	524	605	-1
514	523	604	605	-1
596	515	605	606	-1
515	596	597	606	-1
516	515	597	606	-1
515	516	525	606	-1
524	515	525	606	-1
515	524	605	606	-1
597	516	606	607	-1
516	597	598	607	-1
517	516	598	607	-1
516	517	526	607	-1
525	516	526	607	-1
516	525	606	607	-1
598	517	607	608	-1
517	598	599	608	-1
518	517	599	608	-1
517	518	527	608	-1
526	517	527	608	-1
517	526	607	608	-1
599	518	608	609	-1
518	599	600	609	-1
519	518	600	609	-1
518	519	528	609	-1
527	518	528	609	-1
518	527	608	609	-1
600	519	609	610	-1
519	600	601	610	-1
520	519	601	610	-1
519	520	529	610	-1
528	519	529	610	-1
519	528	609	610	-1
601	520	610	611	-1
520	601	602	611	-1
521	520	602	611	-1
520	521	530	611	-1
529	520	530	611	-1
520	529	610	611	-1
602	521	611	612	-1
521	602	603	612	-1
522	521	603	612	-1
521	522	531	612	-1
530	521	531	612	-1
521	530	611	612	-1
604	523	613	614	-1
523	604	605	614	-1
524	523	605	614	-1
523	524	533	614	-1
532	523	533	614	-1
523	532	613	614	-1
605	524	614	615	-1
524	605	606	615	-1
525	524	606	615	-1
524	525	534	615	-1
533	524	534	615	-1
524	533	614	615	-1
606	525	615	616	-1
525	606	607	616	-1
526	525	607	616	-1
525	526	535	616	-1
534	525	535	616	-1
525	534	615	616	-1
607	526	616	617	-1
526	607	608	617	-1
527	526	608	617	-1
526	527	536	617	-1
535	526	536	617	-1
526	535	616	617	-1
608	527	617	618	-1
527	608	609	618	-1
528	527	609	618	-1
527	528	537	618	-1
536	527	537	618	-1
527	536	617	618	-1
609	528	618	619	-1
528	609	610	619	-1
529	528	610	619	-1
528	529	538	619	-1
537	528	538	619	-1
528	537	618	619	-1
610	529	619	620	-1
529	610	611	620	-1
530	529	611	620	-1
529	530	539	620	-1
538	529	539	620	-1
529	538	619	620	-1
611	530	620	621	-1
530	611	612	621	-1
531	530	612	621	-1
530	531	540	621	-1
539	530	540	621	-1
530	539	620	621	-1
613	532	622	623	-1
532	613	614	623	-1
533	532	614	623	-1
532	533	542	623	-1
541	532	542	623	-1
532	541	622	623	-1
614	533	623	624	-1
533	614	615	624	-1
534	533	615	624	-1
533	534	543	624	-1
542	533	543	624	-1
533	542	623	624	-1
615	534	624	625	-1
534	615	616	625	-1
535	534	616	625	-1
534	535	544	625	-1
543	534	544	625	-1
534	543	624	625	-1
616	535	625	626	-1
535	616	617	626	-1
536	535	617	626	-1
535	536	545	626	-1
544	535	545	626	-1
535	544	625	626	-1
617	536	626	627	-1
536	617	618	627	-1
537	536	618	627	-1
536	537	546	627	-1
545	536	546	627	-1
536	545	626	627	-1
618	537	627	628	-1
537	618	619	628	-1
538	537	619	628	-1
537	538	547	628	-1
546	537	547	628	-1
537	546	627	628	-1
619	538	628	629	-1
538	619	620	629	-1
539	538	620	629	-1
538	539	548	629	-1
547	538	548	629	-1
538	547	628	629	-1
620	539	629	630	-1
539	620	621	630	-1
540	539	621	630	-1
539	540	549	630	-1
548	539	549	630	-1
539	548	629	630	-1
622	541	631	632	-1
541	622	623	632	-1
542	541	623	632	-1
541	542	551	632	-1
550	541	551	632	-1
541	550	631	632	-1
623	542	632	633	-1
542	623	624	633	-1
543	542	624	633	-1
542	543	552	633	-1
551	542	552	633	-1
542	551	632	633	-1
624	543	633	634	-1
543	624	625	634	-1
544	543	625	634	-1
543	544	553	634	-1
552	543	553	634	-1
543	552	633	634	-1
625	544	634	635	-1
544	625	626	635	-1
545	544	626	635	-1
544	545	554	635	-1
553	544	554	635	-1
544	553	634	635	-1
626	545	635	636	-1
545	626	627	636	-1
546	545	627	636	-1
545	546	555	636	-1
554	545	555	636	-1
545	554	635	636	-1
627	546	636	637	-1
546	627	628	637	-1
547	546	628	637	-1
546	547	556	637	-1
555	546	556	637	-1
546	555	636	637	-1
628	547	637	638	-1
547	628	629	638	-1
548	547	629	638	-1
547	548	557	638	-1
556	547	557	638	-1
547	556	637	638	-1
629	548	638	639	-1
548	629	630	639	-1
549	548	630	639	-1
548	549	558	639	-1
557	548	558	639	-1
548	557	638	639	-1
631	550	640	641	-1
550	631	632	641	-1
551	550	632	641	-1
550	551	560	641	-1
559	550	560	641	-1
550	559	640	641	-1
632	551	641	642	-1
551	632	633	642	-1
552	551	633	642	-1
551	552	561	642	-1
560	551	561	642	-1
551	560	641	642	-1
633	552	642	643	-1
552	633	634	643	-1
553	552	634	643	-1
552	553	562	643	-1
561	552	562	643	-1
552	561	642	643	-1
634	553	643	644	-1
553	634	635	644	-1
554	553	635	644	-1
553	554	563	644	-1
562	553	563	644	-1
553	562	643	644	-1
635	554	644	645	-1
554	635	636	645	-1
555	554	636	645	-1
554	555	564	645	-1
563	554	564	645	-1
554	563	644	645	-1
636	555	645	646	-1
555	636	637	646	-1
556	555	637	646	-1
555	556	565	646	-1
564	555	565	646	-1
555	564	645	646	-1
637	556	646	647	-1
556	637	638	647	-1
557	556	638	647	-1
556	557	566	647	-1
565	556	566	647	-1
556	565	646	647	-1
638	557	647	648	-1
557	638	639	648	-1
558	557	639	648	-1
557	558	567	648	-1
566	557	567	648	-1
557	566	647	648	-1
649	568	658	659	-1
568	649	650	659	-1
569	568	650	659	-1
568	569	578	659	-1
577	568	578	659	-1
568	577	658	659	-1
650	569	659	660	-1
569	650	651	660	-1
570	569	651	660	-1
569	570	579	660	-1
578	569	579	660	-1
569	578	659	660	-1
651	570	660	661	-1
570	651	652	661	-1
571	570	652	661	-1
570	571	580	661	-1
579	570	580	661	-1
570	579	660	661	-1
652	571	661	662	-1
571	652	653	662	-1
572	571	653	662	-1
571	572	581	662	-1
580	571	581	662	-1
571	580	661	662	-1
653	572	662	663	-1
572	653	654	663	-1
573	572	654	663	-1
572	573	582	663	-1
581	572	582	663	-1
572	581	662	663	-1
654	573	663	664	-1
573	654	655	664	-1
574	573	655	664	-1
573	574	583	664	-1
582	573	583	664	-1
573	582	663	664	-1
655	574	664	665	-1
574	655	656	665	-1
575	574	656	665	-1
574	575	584	665	-1
583	574	584	665	-1
574	583	664	665	-1
656	575	665	666	-1
575	656	657	666	-1
576	575	657	666	-1
575	576	585	666	-1
584	575	585	666	-1
575	584	665	666	-1
658	577	667	668	-1
577	658	659	668	-1
578	577	659	668	-1
577	578	587	668	-1
586	577	587	668	-1
577	586	667	668	-1
659	578	668	669	-1
578	659	660	669	-1
579	578	660	669	-1
578	579	588	669	-1
587	578	588	669	-1
578	587	668	669	-1
660	579	669	670	-1
579	660	661	670	-1
580	579	661	670	-1
579	580	589	670	-1
588	579	589	670	-1
579	588	669	670	-1
661	580	670	671	-1
580	661	662	671	-1
581	580	662	671	-1
580	581	590	671	-1
589	580	590	671	-1
580	589	670	671	-1
662	581	671	672	-1
581	662	663	672	-1
582	581	663	672	-1
581	582	591	672	-1
590	581	591	672	-1
581	590	671	672	-1
663	582	672	673	-1
582	663	664	673	-1
583	582	664	673	-1
582	583	592	673	-1
591	582	592	673	-1
582	591	672	673	-1
664	583	673	674	-1
583	664	665	674	-1
584	583	665	674	-1
583	584	593	674	-1
592	583	593	674	-1
583	592	673	674	-1
665	584	674	675	-1
584	665	666	675	-1
585	584	666	675	-1
584	585	594	675	-1
593	584	594	675	-1
584	593	674	675	-1
667	586	676	677	-1
586	667	668	677	-1
587	586	668	677	-1
586	587	596	677	-1
595	586	596	677	-1
586	595	676	677	-1
668	587	677	678	-1
587	668	669	678	-1
588	587	669	678	-1
587	588	597	678	-1
596	587	597	678	-1
587	596	677	678	-1
669	588	678	679	-1
588	669	670	679	-1
589	588	670	679	-1
588	589	598	679	-1
597	588	598	679	-1
588	597	678	679	-1
670	589	679	680	-1
589	670	671	680	-1
590	589	671	680	-1
589	590	599	680	-1
598	589	599	680	-1
589	598	679	680	-1
671	590	680	681	-1
590	671	672	681	-1
591	590	672	681	-1
590	591	600	681	-1
599	590	600	681	-1
590	599	680	681	-1
672	591	681	682	-1
591	672	673	682	-1
592	591	673	682	-1
591	592	601	682	-1
600	591	601	682	-1
591	600	681	682	-1
673	592	682	683	-1
592	673	674	683	-1
593	592	674	683	-1
592	593	602	683	-1
601	592	602	683	-1
592	601	682	683	-1
674	593	683	684	-1
593	674	675	684	-1
594	593	675	684	-1
593	594	603	684	-1
602	593	603	684	-1
593	602	683	684	-1
676	595	685	686	-1
595	676	677	686	-1
596	595	677	686	-1
595	596	605	686	-1
604	595	605	686	-1
595	604	685	686	-1
677	596	686	687	-1
596	677	678	687	-1
597	596	678	687	-1
596	597	606	687	-1
605	596	606	687	-1
596	605	686	687	-1
678	597	687	688	-1
597	678	679	688	-1
598	597	679	688	-1
597	598	607	688	-1
606	597	607	688	-1
597	606	687	688	-1
679	598	688	689	-1
598	679	680	689	-1
599	598	680	689	-1
598	599	608	689	-1
607	598	608	689	-1
598	607	688	689	-1
680	599	689	690	-1
599	680	681	690	-1
600	599	681	690	-1
599	600	609	690	-1
608	599	609	690	-1
599	608	689	690	-1
681	600	690	691	-1
600	681	682	691	-1
601	600	682	691	-1
600	601	610	691	-1
609	600	610	691	-1
600	609	690	691	-1
682	601	691	692	-1
601	682	683	692	-1
602	601	683	692	-1
601	602	611	692	-1
610	601	611	692	-1
601	610	691	692	-1
683	602	692	693	-1
602	683	684	693	-1
603	602	684	693	-1
602	603	612	693	-1
611	602	612	693	-1
602	611	692	693	-1
685	604	694	695	-1
604	685	686	695	-1
605	604	686	695	-1
604	605	614	695	-1
613	604	614	695	-1
604	613	694	695	-1
686	605	695	696	-1
605	686	687	696	-1
606	605	687	696	-1
605	606	615	696	-1
614	605	615	696	-1
605	614	695	696	-1
687	606	696	697	-1
606	687	688	697	-1
607	606	688	697	-1
606	607	616	697	-1
615	606	616	697	-1
606	615	696	697	-1
688	607	697	698	-1
607	688	689	698	-1
608	607	689	698	-1
607	608	617	698	-1
616	607	617	698	-1
607	616	697	698	-1
689	608	698	699	-1
608	689	690	699	-1
609	608	690	699	-1
608	609	618	699	-1
617	608	618	699	-1
608	617	698	699	-1
690	609	699	700	-1
609	690	691	700	-1
610	609	691	700	-1
609	610	619	700	-1
618	609	619	700	-1
609	618	699	700	-1
691	610	700	701	-1
610	691	692	701	-1
611	610	692	701	-1
610	611	620	701	-1
619	610	620	701	-1
610	619	700	701	-1
692	611	701	702	-1
611	692	693	702	-1
612	611	693	702	-1
611	612	621	702	-1
620	611	621	702	-1
611	620	701	702	-1
694	613	703	704	-1
613	694	695	704	-1
614	613	695	704	-1
613	614	623	704	-1
622	613	623	704	-1
613	622	703	704	-1
695	614	704	705	-1
614	695	696	705	-1
615	614	696	705	-1
614	615	624	705	-1
623	614	624	705	-1
614	623	704	705	-1
696	615	705	706	-1
615	696	697	706	-1
616	615	697	706	-1
615	616	625	706	-1
624	615	625	706	-1
615	624	705	706	-1
697	616	706	707	-1
616	697	698	707	-1
617	616	698	707	-1
616	617	626	707	-1
625	616	626	707	-1
616	625	706	707	-1
698	617	707	708	-1
617	698	699	708	-1
618	617	699	708	-1
617	618	627	708	-1
626	617	627	708	-1
617	626	707	708	-1
699	618	708	709	-1
618	699	700	709	-1
619	618	700	709	-1
618	619	628	709	-1
627	618	628	709	-1
618	627	708	709	-1
700	619	709	710	-1
619	700	701	710	-1
620	619	701	710	-1
619	620	629	710	-1
628	619	629	710	-1
619	628	709	710	-1
701	620	710	711	-1
620	701	702	711	-1
621	620	702	711	-1
620	621	630	711	-1
629	620	630	711	-1
620	629	710	711	-1
703	622	712	713	-1
622	703	704	713	-1
623	622	704	713	-1
622	623	632	713	-1
631	622	632	713	-1
622	631	712	713	-1
704	623	713	714	-1
623	704	705	714	-1
624	623	705	714	-1
623	624	633	714	-1
632	623	633	714	-1
623	632	713	714	-1
705	624	714	715	-1
624	705	706	715	-1
625	624	706	715	-1
624	625	634	715	-1
633	624	634	715	-1
624	633	714	715	-1
706	625	715	716	-1
625	706	707	716	-1
626	625	707	716	-1
625	626	635	716	-1
634	625	635	716	-1
625	634	715	716	-1
707	626	716	717	-1
626	707	708	717	-1
627	626	708	717	-1
626	627	636	717	-1
635	626	636	717	-1
626	635	716	717	-1
708	627	717	718	-1
627	708	709	718	-1
628	627	709	718	-1
627	628	637	718	-1
636	627	637	718	-1
627	636	717	718	-1
709	628	718	719	-1
628	709	710	719	-1
629	628	710	719	-1
628	629	638	719	-1
637	628	638	719	-1
628	637	718	719	-1
710	629	719	720	-1
629	710	711	720	-1
630	629	711	720	-1
629	630	639	720	-1
638	629	639	720	-1
629	638	719	720	-1
712	631	721	722	-1
631	712	713	722	-1
632	631	713	722	-1
631	632	641	722	-1
640	631	641	722	-1
631	640	721	722	-1
713	632	722	723	-1
632	713	714	723	-1
633	632	714	723	-1
632	633	642	723	-1
641	632	642	723	-1
632	641	722	723	-1
714	633	723	724	-1
633	714	715	724	-1
634	633	715	724	-1
633	634	643	724	-1
642	633	643	724	-1
633	642	723	724	-1
715	634	724	725	-1
634	715	716	725	-1
635	634	716	725	-1
634	635	644	725	-1
643	634	644	725	-1
634	643	724	725	-1
716	635	725	726	-1
635	716	717	726	-1
636	635	717	726	-1
635	636	645	726	-1
644	635	645	726	-1
635	644	725	726	-1
717	636	726	727	-1
636	717	718	727	-1
637	636	718	727	-1
636	637	646	727	-1
645	636	646	727	-1
636	645	726	727	-1
718	637	727	728	-1
637	718	719	728	-1
638	637	719	728	-1
637	638	647	728	-1
646	637	647	728	-1
637	646	727	728	-1
719	638	728	729	-1
638	719	720	729	-1
639	638	720	729	-1
638	639	648	729	-1
647	638	648	729	-1
638	647	728	729	-1
